784 1
0
0
0
0
0
0
0
0
0
0
0
0
0
0
0
0
0
0
0
0
0
0
0
0
0
0
0
0
0
0
0
0
0
0
0
0
0
0
0
0
0
0
0
0
0
0
0
0
0
0
0
0
0
0
0
0
0
0
0
0
0
0
0
0
0
0
0
0
0
0
0
0
0
0
0
0
0
0
0
0
0
0
0
0
0
0
0
0
0
0
0
0
0
0
0
0
0
0
0
0
0
0
0
0
0
0
0
0
0
0
0
0
0
0
0
0
0
0
0
0
0
0
0
0
0
0
0
0
0
0
0
0
0
0
0
0
0
0
0
0
0
0
0
0
0
0
0
0
1
3
9
14
15
15
9
7
3
0
0
0
0
0
0
0
0
0
0
0
0
0
0
0
0
0
6
11
14
15
15
15
15
15
15
15
15
10
2
0
0
0
0
0
0
0
0
0
0
0
0
0
0
6
16
15
16
14
8
1
0
2
6
11
15
15
10
0
0
0
0
0
0
0
0
0
0
0
0
0
0
1
9
6
3
1
0
0
0
0
0
5
15
15
7
0
0
0
0
0
0
0
0
0
0
0
0
0
0
0
0
0
0
0
0
0
0
0
8
15
15
8
0
0
0
0
0
0
0
0
0
0
0
0
0
0
0
0
0
0
0
0
0
0
1
8
15
15
8
0
0
0
0
0
0
0
0
0
0
0
0
0
0
0
0
0
0
0
0
0
0
5
15
15
14
7
0
0
0
0
0
0
0
0
0
0
0
0
0
0
0
0
0
0
0
0
0
0
10
15
15
13
7
6
6
1
0
0
0
0
0
0
0
0
0
0
0
0
0
0
0
0
0
2
9
14
15
15
15
15
15
15
15
15
15
13
2
0
0
0
0
0
0
0
0
0
0
0
0
0
2
15
15
15
14
12
9
9
9
9
9
12
13
15
15
2
0
0
0
0
0
0
0
0
0
0
0
0
2
12
6
1
0
0
0
0
0
0
0
0
0
7
16
13
1
0
0
0
0
0
0
0
0
0
0
0
0
0
0
0
0
0
0
0
0
0
0
0
0
0
15
15
6
0
0
0
0
0
0
0
0
0
0
0
0
0
0
0
0
0
0
0
0
0
0
0
0
0
16
15
6
0
0
0
0
0
0
0
0
0
0
0
0
0
0
0
0
0
0
0
0
0
0
0
0
0
15
15
1
0
0
0
0
0
0
0
0
0
0
0
0
2
0
0
0
0
0
0
0
0
0
0
0
7
16
12
0
0
0
0
0
0
0
0
0
0
0
0
2
15
0
0
0
0
0
0
0
0
0
0
1
13
14
3
0
0
0
0
0
0
0
0
0
0
0
0
1
14
10
0
0
0
0
0
0
0
0
5
13
15
7
0
0
0
0
0
0
0
0
0
0
0
0
0
0
10
15
8
2
0
0
0
0
0
7
15
15
8
0
0
0
0
0
0
0
0
0
0
0
0
0
0
0
2
13
15
16
13
9
12
16
15
16
15
7
0
0
0
0
0
0
0
0
0
0
0
0
0
0
0
0
0
0
8
13
15
15
15
15
10
9
4
0
0
0
0
0
0
0
0
0
0
0
0
0
0
0
0
0
0
0
0
0
0
0
0
0
0
0
0
0
0
0
0
0
0
0
0
0
0
0
0
0
0
0
0
0
0
0
0
0
0
0
0
0
0
0
0
0
0
0
0
0
0
0
0
0
0
0
0
0
0
0
0
0
0
0
0
0
0
0
0
0
0
0
0
0
0
0
0
0
0
0
0
0
0
