784 1
0
0
0
0
0
0
0
0
0
0
0
0
0
0
0
0
0
0
0
0
0
0
0
0
0
0
0
0
0
0
0
0
0
0
0
0
0
0
0
0
0
0
0
0
0
0
0
0
0
0
0
0
0
0
0
0
0
0
0
0
0
0
0
0
0
0
0
0
0
0
0
0
0
0
0
0
0
0
0
0
0
0
0
0
0
0
0
0
0
0
0
0
0
0
0
0
0
0
0
0
0
0
0
0
0
0
0
0
0
0
0
0
0
0
0
0
0
0
0
0
0
0
0
0
0
0
0
0
0
0
0
0
0
0
0
0
0
0
0
0
0
0
0
0
0
0
0
0
0
0
0
0
0
0
0
0
0
0
0
10
3
0
0
0
0
0
0
0
0
0
0
0
0
0
0
0
0
0
3
0
0
0
0
0
0
0
5
15
3
0
0
0
0
0
0
0
0
0
0
0
0
0
0
0
0
9
10
0
0
0
0
0
0
0
6
15
3
0
0
0
0
0
0
0
0
0
0
0
0
0
0
0
4
15
10
0
0
0
0
0
0
0
6
15
3
0
0
0
0
0
0
0
0
0
0
0
0
0
0
0
6
15
10
0
0
0
0
0
0
0
6
15
3
0
0
0
0
0
0
0
0
0
0
0
0
0
0
0
6
15
3
0
0
0
0
0
0
0
6
15
3
0
0
0
0
0
0
0
0
0
0
0
0
0
0
0
11
14
2
0
0
0
0
0
0
0
6
15
3
0
0
0
0
0
0
0
0
0
0
0
0
0
0
4
15
13
0
0
0
0
0
0
0
0
3
15
9
0
0
0
0
0
0
0
0
0
0
0
0
0
0
10
15
14
5
4
4
4
1
0
0
0
6
15
10
0
0
0
0
0
0
0
0
0
0
0
0
0
0
12
15
15
15
15
15
15
14
13
13
13
14
15
12
0
0
0
0
0
0
0
0
0
0
0
0
0
1
15
15
15
15
15
15
15
16
15
15
15
15
16
14
1
0
0
0
0
0
0
0
0
0
0
0
0
0
12
12
15
15
15
14
10
10
10
10
10
10
15
7
0
0
0
0
0
0
0
0
0
0
0
0
0
0
0
0
1
1
1
1
0
0
0
0
0
0
15
10
0
0
0
0
0
0
0
0
0
0
0
0
0
0
0
0
0
0
0
0
0
0
0
0
0
0
15
6
0
0
0
0
0
0
0
0
0
0
0
0
0
0
0
0
0
0
0
0
0
0
0
0
0
0
15
3
0
0
0
0
0
0
0
0
0
0
0
0
0
0
0
0
0
0
0
0
0
0
0
0
0
0
16
10
0
0
0
0
0
0
0
0
0
0
0
0
0
0
0
0
0
0
0
0
0
0
0
0
0
0
15
7
0
0
0
0
0
0
0
0
0
0
0
0
0
0
0
0
0
0
0
0
0
0
0
0
0
0
15
15
1
0
0
0
0
0
0
0
0
0
0
0
0
0
0
0
0
0
0
0
0
0
0
0
0
0
15
10
0
0
0
0
0
0
0
0
0
0
0
0
0
0
0
0
0
0
0
0
0
0
0
0
0
0
10
3
0
0
0
0
0
0
0
0
0
0
0
0
0
0
0
0
0
0
0
0
0
0
0
0
0
0
0
0
0
0
0
0
0
0
0
0
0
0
0
0
0
0
0
0
0
0
0
0
0
0
0
0
0
0
0
0
0
0
0
0
0
0
0
0
0
0
0
0
0
0
0
0
0
0
0
0
0
0
0
0
0
0
0
0
0
0
0
0
0
0
0
