784 1
0
0
0
0
0
0
0
0
0
0
0
0
0
0
0
0
0
0
0
0
0
0
0
0
0
0
0
0
0
0
0
0
0
0
0
0
0
0
0
0
0
0
0
0
0
0
0
0
0
0
0
0
0
0
0
0
0
0
0
0
0
0
0
0
0
0
0
0
0
0
0
0
0
0
0
0
0
0
0
0
0
0
0
0
0
0
0
0
0
0
0
0
0
0
0
0
0
0
9
15
10
0
0
0
0
0
0
0
0
0
0
0
0
0
0
0
0
0
0
0
0
0
0
0
3
11
15
15
15
9
2
0
0
0
0
0
0
0
0
0
0
0
0
0
0
0
0
0
0
0
0
0
8
15
15
15
15
15
15
5
0
0
0
0
0
0
0
0
0
0
0
0
0
0
0
0
0
0
0
7
15
15
15
15
15
15
15
15
5
0
0
0
0
0
0
0
0
0
0
0
0
0
0
0
0
0
7
12
15
15
15
15
15
15
15
15
13
0
0
0
0
0
0
0
0
0
0
0
0
0
0
0
0
2
13
15
15
15
16
12
15
15
15
16
15
10
0
0
0
0
0
0
0
0
0
0
0
0
0
0
0
6
15
15
15
15
13
3
8
15
15
15
15
15
9
0
0
0
0
0
0
0
0
0
0
0
0
0
5
10
15
15
13
7
0
0
4
14
15
15
15
15
6
0
0
0
0
0
0
0
0
0
0
0
0
1
11
15
15
15
14
3
0
0
1
1
8
15
15
15
10
0
0
0
0
0
0
0
0
0
0
0
0
4
15
15
15
15
14
3
0
0
0
0
0
9
15
15
14
3
0
0
0
0
0
0
0
0
0
0
10
15
15
16
15
12
1
0
0
0
0
0
0
16
15
15
11
0
0
0
0
0
0
0
0
0
0
3
15
15
15
15
12
1
0
0
0
0
0
0
0
15
15
15
11
0
0
0
0
0
0
0
0
0
0
6
15
15
15
15
3
0
0
0
0
0
0
0
0
10
15
15
13
3
0
0
0
0
0
0
0
0
1
11
15
15
15
11
2
0
0
0
0
0
0
1
4
14
15
15
14
4
0
0
0
0
0
0
0
0
6
15
15
15
15
0
0
0
0
0
0
0
5
11
15
15
15
15
11
0
0
0
0
0
0
0
0
0
6
15
15
15
15
3
0
3
6
6
9
15
15
15
15
16
15
9
1
0
0
0
0
0
0
0
0
0
1
6
15
15
15
14
11
13
15
15
15
15
15
15
15
15
13
4
0
0
0
0
0
0
0
0
0
0
0
6
15
15
15
15
15
15
15
15
15
15
15
15
10
4
0
0
0
0
0
0
0
0
0
0
0
0
0
7
11
15
15
15
15
15
15
15
15
15
15
3
0
0
0
0
0
0
0
0
0
0
0
0
0
0
0
0
0
7
15
15
15
15
15
15
12
5
5
0
0
0
0
0
0
0
0
0
0
0
0
0
0
0
0
0
0
0
0
0
0
0
0
0
0
0
0
0
0
0
0
0
0
0
0
0
0
0
0
0
0
0
0
0
0
0
0
0
0
0
0
0
0
0
0
0
0
0
0
0
0
0
0
0
0
0
0
0
0
0
0
0
0
0
0
0
0
0
0
0
0
0
0
0
0
0
0
0
0
0
0
0
0
0
0
0
0
0
0
0
0
0
0
0
0
0
0
0
0
0
0
0
0
0
0
0
0
0
0
0
0
0
0
0
0
0
0
0
0
0
0
0
0
0
0
0
0
0
0
0
0
0
0
0
0
0
0
0
0
0
