784 1
0
0
0
0
0
0
0
0
0
0
0
0
0
0
0
0
0
0
0
0
0
0
0
0
0
0
0
0
0
0
0
0
0
0
0
0
0
0
0
0
0
0
0
0
0
0
0
0
0
0
0
0
0
0
0
0
0
0
0
0
0
0
0
0
0
0
0
0
0
0
0
0
0
0
0
0
0
0
0
0
0
0
0
0
0
0
0
0
0
0
0
0
0
0
0
0
0
0
0
0
0
0
0
0
0
0
0
0
0
0
0
0
0
0
0
0
0
0
0
0
0
0
0
0
0
0
0
0
0
0
0
0
0
0
0
0
0
0
0
0
0
0
0
0
0
0
0
0
0
0
1
7
12
13
10
5
0
0
0
0
0
0
0
0
0
0
0
0
0
0
0
0
0
0
0
0
0
7
14
15
15
15
15
15
12
5
0
0
0
0
0
0
0
0
0
0
0
0
0
0
0
0
0
0
7
15
15
15
15
15
15
15
15
15
8
0
5
10
4
0
0
0
0
0
0
0
0
0
0
0
0
3
15
15
15
15
11
5
5
14
15
15
15
11
15
15
14
0
0
0
0
0
0
0
0
0
0
0
0
7
15
15
10
2
0
0
0
1
7
15
15
15
15
15
14
0
0
0
0
0
0
0
0
0
0
0
0
14
15
5
0
0
0
0
0
6
14
15
15
15
15
14
9
0
0
0
0
0
0
0
0
0
0
0
5
15
15
2
0
0
0
3
10
15
15
15
15
13
6
2
0
0
0
0
0
0
0
0
0
0
0
0
5
15
15
2
0
0
10
15
15
15
15
15
10
1
0
0
0
0
0
0
0
0
0
0
0
0
0
0
5
15
15
2
2
10
15
15
15
15
15
11
0
0
0
0
0
0
0
0
0
0
0
0
0
0
0
0
0
14
15
13
14
15
15
15
15
15
15
15
7
0
0
0
0
0
0
0
0
0
0
0
0
0
0
0
0
6
15
15
15
15
15
15
15
16
15
15
15
2
0
0
0
0
0
0
0
0
0
0
0
0
0
0
0
0
5
14
15
15
15
14
14
15
15
15
15
9
0
0
0
0
0
0
0
0
0
0
0
0
0
0
0
0
0
13
15
15
13
1
1
1
1
11
15
15
0
0
0
0
0
0
0
0
0
0
0
0
0
0
0
0
0
13
15
15
2
0
0
0
0
7
15
14
0
0
0
0
0
0
0
0
0
0
0
0
0
0
0
0
0
7
15
15
10
0
0
0
0
10
15
6
0
0
0
0
0
0
0
0
0
0
0
0
0
0
0
0
0
2
14
15
14
0
0
0
6
15
15
2
0
0
0
0
0
0
0
0
0
0
0
0
0
0
0
0
0
0
9
15
15
11
3
9
14
15
12
0
0
0
0
0
0
0
0
0
0
0
0
0
0
0
0
0
0
0
1
13
15
15
15
15
15
15
3
0
0
0
0
0
0
0
0
0
0
0
0
0
0
0
0
0
0
0
0
1
8
15
15
15
14
5
0
0
0
0
0
0
0
0
0
0
0
0
0
0
0
0
0
0
0
0
0
0
1
15
15
14
6
0
0
0
0
0
0
0
0
0
0
0
0
0
0
0
0
0
0
0
0
0
0
0
0
0
0
0
0
0
0
0
0
0
0
0
0
0
0
0
0
0
0
0
0
0
0
0
0
0
0
0
0
0
0
0
0
0
0
0
0
0
0
0
0
0
0
0
0
0
0
0
0
0
0
0
0
0
0
0
0
0
0
0
0
0
0
0
0
0
0
0
0
0
0
0
