784 1
0
0
0
0
0
0
0
0
0
0
0
0
0
0
0
0
0
0
0
0
0
0
0
0
0
0
0
0
0
0
0
0
0
0
0
0
0
0
0
0
0
0
0
0
0
0
0
0
0
0
0
0
0
0
0
0
0
0
0
0
0
0
0
0
0
0
0
0
0
0
0
0
0
0
0
0
0
0
0
0
0
0
0
0
0
0
0
0
0
0
0
0
0
0
0
0
0
0
0
0
0
0
0
0
0
0
0
0
0
0
0
0
0
0
0
0
0
0
0
0
0
0
0
0
0
0
0
0
0
0
0
0
0
0
0
0
0
0
0
0
0
0
0
0
0
0
0
0
0
0
0
0
0
0
0
0
0
0
0
0
0
0
0
0
0
0
0
0
0
0
0
0
0
0
0
0
0
6
15
15
6
0
0
0
0
0
0
16
12
0
0
0
0
0
0
0
0
0
0
0
0
0
0
0
0
15
15
11
1
0
0
0
0
0
0
15
12
0
0
0
0
0
0
0
0
0
0
0
0
0
0
0
5
15
15
4
0
0
0
0
0
0
5
15
12
0
0
0
0
0
0
0
0
0
0
0
0
0
0
0
13
15
14
2
0
0
0
0
0
0
9
15
12
0
0
0
0
0
0
0
0
0
0
0
0
0
0
8
15
15
3
0
0
0
0
0
0
0
14
15
6
0
0
0
0
0
0
0
0
0
0
0
0
0
0
13
15
13
0
0
0
0
0
0
0
6
15
16
5
0
0
0
0
0
0
0
0
0
0
0
0
0
0
12
15
7
0
0
0
0
0
0
0
13
15
15
4
0
0
0
0
0
0
0
0
0
0
0
0
0
0
12
15
7
0
0
0
0
0
2
10
15
15
9
0
0
0
0
0
0
0
0
0
0
0
0
0
0
0
12
15
13
2
1
5
5
9
14
15
15
13
1
0
0
0
0
0
0
0
0
0
0
0
0
0
0
0
12
15
15
14
14
15
15
15
15
15
15
2
0
0
0
0
0
0
0
0
0
0
0
0
0
0
0
0
0
9
16
15
15
14
14
14
15
15
12
0
0
0
0
0
0
0
0
0
0
0
0
0
0
0
0
0
0
0
6
8
4
0
0
0
10
15
10
0
0
0
0
0
0
0
0
0
0
0
0
0
0
0
0
0
0
0
0
0
0
0
0
0
10
15
8
0
0
0
0
0
0
0
0
0
0
0
0
0
0
0
0
0
0
0
0
0
0
0
0
1
14
15
2
0
0
0
0
0
0
0
0
0
0
0
0
0
0
0
0
0
0
0
0
0
0
0
0
1
15
15
9
0
0
0
0
0
0
0
0
0
0
0
0
0
0
0
0
0
0
0
0
0
0
0
0
1
15
15
9
0
0
0
0
0
0
0
0
0
0
0
0
0
0
0
0
0
0
0
0
0
0
0
0
1
15
15
2
0
0
0
0
0
0
0
0
0
0
0
0
0
0
0
0
0
0
0
0
0
0
0
0
6
15
12
0
0
0
0
0
0
0
0
0
0
0
0
0
0
0
0
0
0
0
0
0
0
0
0
0
6
15
12
0
0
0
0
0
0
0
0
0
0
0
0
0
0
0
0
0
0
0
0
0
0
0
0
0
0
11
6
0
0
0
0
0
0
0
0
0
0
0
0
0
0
0
0
0
0
0
0
0
0
0
0
0
0
0
0
0
0
0
0
0
0
0
0
0
0
0
0
0
0
0
0
0
0
0
0
0
0
0
0
0
0
0
0
0
0
0
0
0
0
0
0
0
0
0
