784 1
0
0
0
0
0
0
0
0
0
0
0
0
0
0
0
0
0
0
0
0
0
0
0
0
0
0
0
0
0
0
0
0
0
0
0
0
0
0
0
0
0
0
0
0
0
0
0
0
0
0
0
0
0
0
0
0
0
0
0
0
0
0
0
0
0
0
0
0
0
0
0
0
0
0
0
0
0
0
0
0
0
0
0
0
0
0
0
0
0
0
0
0
0
0
0
0
0
0
0
0
0
0
0
0
0
0
0
0
0
0
0
0
0
0
0
0
0
0
0
0
0
0
0
0
0
0
0
0
0
0
0
0
0
0
0
0
0
0
0
0
0
0
0
0
1
2
5
9
14
16
15
16
13
11
9
2
0
0
0
0
0
0
0
0
0
0
0
0
0
0
0
0
11
15
15
15
15
15
15
15
15
15
15
15
11
0
0
0
0
0
0
0
0
0
0
0
0
0
0
0
16
15
15
15
15
15
15
15
15
15
15
15
15
3
0
0
0
0
0
0
0
0
0
0
0
0
0
0
15
15
15
15
15
14
13
13
14
15
15
15
15
8
0
0
0
0
0
0
0
0
0
0
0
0
0
0
7
12
11
4
4
2
0
0
2
13
15
15
15
15
0
0
0
0
0
0
0
0
0
0
0
0
0
0
0
0
0
0
5
1
2
9
14
15
15
15
15
15
0
0
0
0
0
0
0
0
0
0
0
0
0
0
0
0
0
10
15
15
15
15
15
15
15
15
15
5
0
0
0
0
0
0
0
0
0
0
0
0
0
0
0
0
0
15
15
15
15
15
15
15
15
15
13
5
2
0
0
0
0
0
0
0
0
0
0
0
0
0
0
0
0
15
15
15
15
15
15
15
15
15
15
15
15
12
5
0
0
0
0
0
0
0
0
0
0
0
0
0
0
10
15
15
15
15
15
15
15
15
15
15
15
15
15
9
1
0
0
0
0
0
0
0
0
0
0
0
0
0
3
3
3
3
6
10
10
13
15
15
15
15
15
15
7
0
0
0
0
0
0
0
0
0
0
0
0
0
0
0
0
0
0
0
0
0
5
10
15
15
15
15
15
2
0
0
0
0
0
0
0
0
0
0
0
0
0
0
0
5
10
9
2
0
0
0
2
12
15
15
15
9
0
0
0
0
0
0
0
0
0
0
0
0
0
0
2
15
15
15
10
0
0
0
0
5
15
15
15
9
0
0
0
0
0
0
0
0
0
0
0
0
0
0
3
15
15
15
10
0
0
0
2
13
15
15
15
9
0
0
0
0
0
0
0
0
0
0
0
0
0
0
1
13
15
15
14
4
5
10
15
15
15
15
14
3
0
0
0
0
0
0
0
0
0
0
0
0
0
0
0
9
15
15
15
15
15
15
15
15
15
15
5
0
0
0
0
0
0
0
0
0
0
0
0
0
0
0
0
0
14
15
15
15
15
15
15
15
15
6
0
0
0
0
0
0
0
0
0
0
0
0
0
0
0
0
0
0
7
15
15
15
15
15
13
6
4
0
0
0
0
0
0
0
0
0
0
0
0
0
0
0
0
0
0
0
0
11
15
15
11
9
4
0
0
0
0
0
0
0
0
0
0
0
0
0
0
0
0
0
0
0
0
0
0
0
0
0
0
0
0
0
0
0
0
0
0
0
0
0
0
0
0
0
0
0
0
0
0
0
0
0
0
0
0
0
0
0
0
0
0
0
0
0
0
0
0
0
0
0
0
0
0
0
0
0
0
0
0
0
0
0
0
0
0
0
0
0
0
0
0
0
0
0
0
0
