784 1
0
0
0
0
0
0
0
0
0
0
0
0
0
0
0
0
0
0
0
0
0
0
0
0
0
0
0
0
0
0
0
0
0
0
0
0
0
0
0
0
0
0
0
0
0
0
0
0
0
0
0
0
0
0
0
0
0
0
0
0
0
0
0
0
0
0
0
0
0
0
0
0
0
0
0
0
0
0
0
0
0
0
0
0
0
0
0
0
0
0
0
0
0
0
0
0
0
0
0
0
0
0
0
0
0
0
0
0
0
0
0
0
0
0
0
0
0
0
0
0
0
0
4
9
9
9
15
15
10
10
0
0
0
0
0
0
0
0
0
0
0
0
0
0
0
0
0
0
0
2
14
15
15
15
15
15
15
15
0
0
0
0
0
0
0
0
0
0
0
0
0
0
0
0
0
0
0
3
15
15
12
9
9
9
9
6
0
0
0
0
0
0
0
0
0
0
0
0
0
0
0
0
0
0
0
4
15
14
0
0
0
0
0
0
0
0
0
0
0
0
0
0
0
0
0
0
0
0
0
0
0
0
0
11
15
6
0
0
0
0
0
0
0
0
0
0
0
0
0
0
0
0
0
0
0
0
0
0
0
0
3
15
15
1
0
0
0
0
0
0
0
0
0
0
0
0
0
0
0
0
0
0
0
0
0
0
0
0
8
15
13
1
0
0
0
0
0
0
0
0
0
0
0
0
0
0
0
0
0
0
0
0
0
0
0
0
8
15
15
15
9
9
6
9
7
1
0
0
0
0
0
0
0
0
0
0
0
0
0
0
0
0
0
0
2
11
14
15
15
15
15
16
15
14
11
1
0
0
0
0
0
0
0
0
0
0
0
0
0
0
0
0
0
0
1
5
6
8
8
8
10
15
15
13
1
0
0
0
0
0
0
0
0
0
0
0
0
0
0
0
0
0
0
0
0
0
0
0
0
2
14
16
8
0
0
0
0
0
0
0
0
0
0
0
0
0
0
0
0
0
0
0
0
2
0
0
0
0
3
15
15
1
0
0
0
0
0
0
0
0
0
0
0
0
0
0
0
0
0
0
10
5
0
0
0
0
1
15
15
1
0
0
0
0
0
0
0
0
0
0
0
0
0
0
0
0
0
4
14
2
0
0
0
0
1
15
15
8
0
0
0
0
0
0
0
0
0
0
0
0
0
0
0
0
0
14
8
0
0
0
0
0
2
15
15
6
0
0
0
0
0
0
0
0
0
0
0
0
0
0
0
0
4
15
6
0
0
0
0
2
10
15
13
0
0
0
0
0
0
0
0
0
0
0
0
0
0
0
0
0
8
15
6
0
0
0
2
10
15
15
3
0
0
0
0
0
0
0
0
0
0
0
0
0
0
0
0
0
12
15
12
9
9
13
15
15
15
7
0
0
0
0
0
0
0
0
0
0
0
0
0
0
0
0
0
0
5
15
15
15
15
15
15
13
7
0
0
0
0
0
0
0
0
0
0
0
0
0
0
0
0
0
0
0
0
5
8
11
8
8
7
1
0
0
0
0
0
0
0
0
0
0
0
0
0
0
0
0
0
0
0
0
0
0
0
0
0
0
0
0
0
0
0
0
0
0
0
0
0
0
0
0
0
0
0
0
0
0
0
0
0
0
0
0
0
0
0
0
0
0
0
0
0
0
0
0
0
0
0
0
0
0
0
0
0
0
0
0
0
0
0
0
0
0
0
0
0
0
0
0
0
0
0
0
0
0
0
0
0
0
0
0
0
0
0
0
0
0
0
0
0
0
0
0
0
0
0
0
0
0
0
0
0
0
