784 1
0
0
0
0
0
0
0
0
0
0
0
0
0
0
0
0
0
0
0
0
0
0
0
0
0
0
0
0
0
0
0
0
0
0
0
0
0
0
0
0
0
0
0
0
0
0
0
0
0
0
0
0
0
0
0
0
0
0
0
0
0
0
0
0
0
0
0
0
0
0
0
0
0
0
0
0
0
0
0
0
0
0
0
0
0
0
0
0
0
0
0
0
0
0
0
0
0
0
0
0
0
0
0
0
0
0
0
0
0
0
0
0
0
0
0
0
0
0
0
0
0
0
0
0
0
0
0
0
0
0
0
0
0
0
0
0
0
0
0
0
0
0
0
0
0
0
0
0
0
0
0
0
4
6
12
14
15
10
6
0
0
0
0
0
0
0
0
0
0
0
0
0
0
0
0
0
0
0
5
13
15
15
15
15
15
15
15
13
6
0
0
0
0
0
0
0
0
0
0
0
0
0
0
0
0
0
6
15
15
15
15
11
4
9
14
15
13
1
0
0
0
0
0
0
0
0
0
0
0
0
0
0
0
0
6
15
15
15
6
0
0
0
2
14
15
11
0
0
0
0
0
0
0
0
0
0
0
0
0
0
0
0
10
15
15
15
0
0
0
0
0
13
15
15
0
0
0
0
0
0
0
0
0
0
0
0
0
0
0
2
15
15
15
6
0
0
0
0
0
13
15
15
0
0
0
0
0
0
0
0
0
0
0
0
0
0
1
13
15
15
7
0
0
0
0
0
0
13
15
15
0
0
0
0
0
0
0
0
0
0
0
0
0
0
2
15
15
15
4
0
0
0
0
0
0
13
15
15
0
0
0
0
0
0
0
0
0
0
0
0
0
0
11
15
15
11
0
0
0
0
0
0
2
14
15
15
0
0
0
0
0
0
0
0
0
0
0
0
0
0
11
15
15
3
0
0
0
0
0
0
6
15
15
15
0
0
0
0
0
0
0
0
0
0
0
0
0
3
14
15
10
0
0
0
0
0
0
1
13
15
15
9
0
0
0
0
0
0
0
0
0
0
0
0
0
4
15
15
8
0
0
0
0
0
0
9
15
15
14
2
0
0
0
0
0
0
0
0
0
0
0
0
0
4
15
15
9
0
0
0
0
0
6
15
16
15
9
0
0
0
0
0
0
0
0
0
0
0
0
0
0
9
15
15
8
0
0
0
0
6
15
15
15
14
3
0
0
0
0
0
0
0
0
0
0
0
0
0
0
4
15
15
9
0
0
2
11
15
15
15
13
4
0
0
0
0
0
0
0
0
0
0
0
0
0
0
0
1
13
15
15
9
10
15
15
15
15
10
0
0
0
0
0
0
0
0
0
0
0
0
0
0
0
0
0
0
7
15
15
15
15
15
16
9
2
0
0
0
0
0
0
0
0
0
0
0
0
0
0
0
0
0
0
0
0
2
11
11
11
11
2
0
0
0
0
0
0
0
2
4
1
0
0
0
0
0
0
0
0
0
0
0
0
0
0
0
0
0
0
0
0
0
0
0
0
0
6
15
4
0
0
0
0
0
0
0
0
0
0
0
0
0
0
0
0
0
0
0
0
0
0
0
0
0
6
15
4
0
0
0
0
0
0
0
0
0
0
0
0
0
0
0
0
0
0
0
0
0
0
0
0
0
0
0
0
0
0
0
0
0
0
0
0
0
0
0
0
0
0
0
0
0
0
0
0
0
0
0
0
0
0
0
0
0
0
0
0
0
0
0
0
0
0
0
0
0
0
0
0
0
0
0
0
0
0
0
0
0
0
0
0
0
0
0
