784 1
0
0
0
0
0
0
0
0
0
0
0
0
0
0
0
0
0
0
0
0
0
0
0
0
0
0
0
0
0
0
0
0
0
0
0
0
0
0
0
0
0
0
0
0
0
0
0
0
0
0
0
0
0
0
0
0
0
0
0
0
0
0
0
0
0
0
0
0
0
0
0
0
0
0
0
0
0
0
0
0
0
0
0
0
0
0
0
0
0
0
0
0
0
0
0
0
0
0
0
0
0
0
0
0
0
0
0
0
0
0
0
0
0
0
0
0
0
0
0
0
0
0
0
0
0
0
0
0
0
0
1
1
1
4
6
8
12
8
0
0
0
0
0
0
0
0
0
0
0
0
0
0
0
0
0
10
11
9
14
15
15
15
14
13
7
3
0
0
0
0
0
0
0
0
0
0
0
0
0
0
0
0
1
15
15
15
15
15
12
8
1
0
0
0
0
0
0
0
0
0
0
0
0
0
0
0
0
0
0
2
9
15
15
10
4
4
0
0
0
0
0
0
0
0
0
0
0
0
0
0
0
0
0
0
0
0
2
14
15
15
8
0
0
0
0
0
0
0
0
0
0
0
0
0
0
0
0
0
0
0
0
0
0
5
14
15
12
4
0
0
0
0
0
0
0
0
0
0
0
0
0
0
0
0
0
0
0
0
0
0
2
14
15
15
3
0
0
0
0
0
0
0
0
0
0
0
0
0
0
0
0
0
0
0
0
0
0
0
11
15
15
0
0
0
0
0
0
0
0
0
0
0
0
0
0
0
0
0
0
0
0
0
0
0
0
0
11
15
15
3
0
0
0
0
0
0
0
0
0
0
0
0
0
0
0
0
0
0
0
0
0
0
0
0
11
15
15
15
11
6
1
0
0
0
0
0
0
0
0
0
0
0
0
0
0
0
0
0
0
0
0
1
7
9
13
15
15
15
13
5
0
0
0
0
0
0
0
0
0
0
0
0
0
0
0
0
0
0
1
13
4
0
1
15
15
15
16
15
4
0
0
0
0
0
0
0
0
0
0
0
0
0
0
0
0
0
2
15
4
0
0
1
1
2
13
15
15
4
0
0
0
0
0
0
0
0
0
0
0
0
0
0
0
0
9
15
4
0
0
0
0
0
3
15
15
8
0
0
0
0
0
0
0
0
0
0
0
0
0
0
0
0
10
14
2
0
0
0
0
0
0
12
15
12
0
0
0
0
0
0
0
0
0
0
0
0
0
0
0
0
14
15
4
0
0
0
0
0
2
12
15
7
0
0
0
0
0
0
0
0
0
0
0
0
0
0
0
0
9
15
10
2
0
0
0
5
14
15
9
0
0
0
0
0
0
0
0
0
0
0
0
0
0
0
0
0
3
15
15
12
5
8
12
15
15
9
0
0
0
0
0
0
0
0
0
0
0
0
0
0
0
0
0
0
0
3
11
15
15
15
15
15
11
2
0
0
0
0
0
0
0
0
0
0
0
0
0
0
0
0
0
0
0
0
0
3
8
12
11
3
0
0
0
0
0
0
0
0
0
0
0
0
0
0
0
0
0
0
0
0
0
0
0
0
0
0
0
0
0
0
0
0
0
0
0
0
0
0
0
0
0
0
0
0
0
0
0
0
0
0
0
0
0
0
0
0
0
0
0
0
0
0
0
0
0
0
0
0
0
0
0
0
0
0
0
0
0
0
0
0
0
0
0
0
0
0
0
0
0
0
0
0
0
0
0
0
0
0
0
0
0
0
0
0
0
0
0
0
0
0
0
0
0
0
0
0
0
0
0
0
0
0
0
0
