784 1
0
0
0
0
0
0
0
0
0
0
0
0
0
0
0
0
0
0
0
0
0
0
0
0
0
0
0
0
0
0
0
0
0
0
0
0
0
0
0
0
0
0
0
0
0
0
0
0
0
0
0
0
0
0
0
0
0
0
0
0
0
0
0
0
0
0
0
0
0
0
0
0
0
0
0
0
0
0
0
0
0
0
0
0
0
0
0
0
0
0
0
0
0
0
0
7
15
15
15
16
15
13
0
0
0
0
0
0
0
0
0
0
0
0
0
0
0
0
0
0
0
0
10
15
15
15
15
15
15
15
1
0
0
0
0
0
0
0
0
0
0
0
0
0
0
0
0
0
0
4
14
15
15
15
15
15
11
3
0
0
0
0
0
0
0
0
0
0
0
0
0
0
0
0
0
0
0
11
15
15
15
11
10
4
0
0
0
0
0
0
0
0
0
0
0
0
0
0
0
0
0
0
0
0
5
15
15
15
6
0
0
0
0
0
0
0
0
0
0
0
0
0
0
0
0
0
0
0
0
0
0
0
12
15
15
13
0
0
0
0
0
0
0
0
0
0
0
0
0
0
0
0
0
0
0
0
0
0
0
2
15
15
15
9
0
0
0
0
0
0
0
0
0
0
0
0
0
0
0
0
0
0
0
0
0
0
0
6
15
15
12
0
0
0
0
0
1
1
4
8
4
1
0
0
0
0
0
0
0
0
0
0
0
0
0
9
15
15
10
0
0
0
0
4
14
15
15
15
15
14
4
0
0
0
0
0
0
0
0
0
0
0
0
11
15
15
5
0
0
2
11
15
15
15
15
15
15
15
15
9
0
0
0
0
0
0
0
0
0
0
1
15
15
15
2
0
4
14
15
15
15
15
15
15
15
15
15
15
7
0
0
0
0
0
0
0
0
0
1
15
15
15
2
0
15
15
15
15
15
13
6
2
6
13
15
15
14
0
0
0
0
0
0
0
0
0
0
10
15
15
2
9
15
15
15
15
8
0
0
0
0
10
15
15
13
0
0
0
0
0
0
0
0
0
0
9
15
15
13
14
15
15
14
6
0
0
0
0
5
15
15
15
9
0
0
0
0
0
0
0
0
0
0
9
15
15
15
15
15
15
7
1
1
1
1
9
15
15
15
15
5
0
0
0
0
0
0
0
0
0
0
9
15
15
15
15
15
15
15
15
15
15
15
15
15
15
15
5
0
0
0
0
0
0
0
0
0
0
0
3
14
15
15
15
15
15
15
15
15
15
15
15
15
15
5
0
0
0
0
0
0
0
0
0
0
0
0
0
3
14
15
15
15
15
15
15
15
15
15
15
12
5
0
0
0
0
0
0
0
0
0
0
0
0
0
0
0
7
14
15
12
9
6
9
9
9
9
5
0
0
0
0
0
0
0
0
0
0
0
0
0
0
0
0
0
0
9
15
1
0
0
0
0
0
0
0
0
0
0
0
0
0
0
0
0
0
0
0
0
0
0
0
0
0
0
0
0
0
0
0
0
0
0
0
0
0
0
0
0
0
0
0
0
0
0
0
0
0
0
0
0
0
0
0
0
0
0
0
0
0
0
0
0
0
0
0
0
0
0
0
0
0
0
0
0
0
0
0
0
0
0
0
0
0
0
0
0
0
0
0
0
0
0
0
0
0
0
0
0
0
0
0
0
0
0
0
0
0
0
0
0
0
0
0
0
0
0
0
0
0
0
0
0
0
0
0
0
0
0
0
0
0
0
0
0
0
0
0
0
0
0
0
0
0
0
0
0
0
0
0
0
0
0
0
