784 1
0
0
0
0
0
0
0
0
0
0
0
0
0
0
0
0
0
0
0
0
0
0
0
0
0
0
0
0
0
0
0
0
0
0
0
0
0
0
0
0
0
0
0
0
0
0
0
0
0
0
0
0
0
0
0
0
0
0
0
0
0
0
0
0
0
0
0
0
0
0
0
0
0
0
0
0
0
0
0
0
0
0
0
0
0
0
0
0
0
0
0
0
0
0
0
0
0
0
0
0
0
0
0
0
0
0
0
0
0
0
0
0
0
0
0
0
0
0
0
0
0
0
0
0
0
0
0
0
0
0
0
0
0
0
0
0
0
0
0
0
0
0
0
0
0
0
0
0
0
0
0
0
0
0
0
0
0
0
7
13
11
0
0
0
0
0
0
0
0
0
0
0
0
0
0
0
0
0
0
0
0
0
0
0
6
13
15
15
15
13
7
0
0
0
0
0
0
0
0
0
0
0
0
0
0
0
0
0
0
0
1
13
15
15
15
11
6
15
15
11
0
0
0
0
0
0
0
0
0
0
0
0
0
0
0
0
1
7
13
15
15
12
4
0
0
10
15
15
0
0
0
0
0
0
0
0
0
0
0
0
0
0
0
5
14
15
15
15
7
0
0
0
0
4
15
15
0
0
0
0
0
0
0
0
0
0
0
0
0
0
6
14
15
15
12
2
0
0
0
0
0
7
15
15
0
0
0
0
0
0
0
0
0
0
0
0
0
9
15
15
15
10
0
0
0
0
0
0
0
10
15
15
0
0
0
0
0
0
0
0
0
0
0
0
7
15
15
15
7
0
0
0
0
0
0
0
0
15
15
11
0
0
0
0
0
0
0
0
0
0
0
10
15
15
14
5
0
0
0
0
0
0
0
0
6
15
15
6
0
0
0
0
0
0
0
0
0
0
7
15
15
13
3
0
0
0
0
0
0
0
0
0
9
15
14
2
0
0
0
0
0
0
0
0
0
3
15
15
13
1
0
0
0
0
0
0
0
0
0
6
15
15
11
0
0
0
0
0
0
0
0
0
4
15
15
15
2
0
0
0
0
0
0
0
0
0
3
14
15
15
4
0
0
0
0
0
0
0
0
0
9
15
15
5
0
0
0
0
0
0
0
0
0
0
12
15
15
8
0
0
0
0
0
0
0
0
0
0
13
15
12
0
0
0
0
0
0
0
0
1
11
15
15
15
8
0
0
0
0
0
0
0
0
0
0
0
16
15
10
0
0
0
1
5
8
9
14
14
15
15
15
6
0
0
0
0
0
0
0
0
0
0
0
0
15
15
14
12
12
12
14
15
15
15
15
15
15
13
4
0
0
0
0
0
0
0
0
0
0
0
0
0
6
15
15
15
15
15
15
15
15
15
13
5
4
0
0
0
0
0
0
0
0
0
0
0
0
0
0
0
0
4
7
9
13
9
7
5
5
1
1
0
0
0
0
0
0
0
0
0
0
0
0
0
0
0
0
0
0
0
0
0
0
0
0
0
0
0
0
0
0
0
0
0
0
0
0
0
0
0
0
0
0
0
0
0
0
0
0
0
0
0
0
0
0
0
0
0
0
0
0
0
0
0
0
0
0
0
0
0
0
0
0
0
0
0
0
0
0
0
0
0
0
0
0
0
0
0
0
0
0
0
0
0
0
0
0
0
0
0
0
0
0
0
0
0
0
0
0
0
0
0
0
0
0
0
0
0
0
0
0
0
0
0
0
0
0
0
0
0
0
0
0
0
0
0
0
0
0
0
0
0
0
0
0
0
0
0
0
0
0
0
0
0
