784 1
0
0
0
0
0
0
0
0
0
0
0
0
0
0
0
0
0
0
0
0
0
0
0
0
0
0
0
0
0
0
0
0
0
0
0
0
0
0
0
0
0
0
0
0
0
0
0
0
0
0
0
0
0
0
0
0
0
0
0
0
0
0
0
0
0
0
0
0
0
0
0
0
0
0
0
0
0
0
0
0
0
0
0
0
0
0
0
0
0
0
0
0
0
3
14
6
0
0
0
0
0
0
0
0
0
0
0
0
0
0
0
0
0
0
0
0
0
0
0
0
0
6
15
15
7
0
0
0
0
0
0
0
0
0
0
0
0
0
0
0
0
0
0
0
0
0
0
0
0
7
15
15
7
0
0
0
0
0
0
0
0
0
0
0
0
0
0
0
0
0
0
0
0
0
0
0
0
12
15
15
7
0
0
0
0
0
8
3
0
0
0
0
0
0
0
0
0
0
0
0
0
0
0
0
0
12
15
15
6
0
0
0
0
1
15
15
6
0
0
0
0
0
0
0
0
0
0
0
0
0
0
0
5
15
15
9
0
0
0
0
0
2
15
15
9
0
0
0
0
0
0
0
0
0
0
0
0
0
0
0
13
15
14
3
0
0
0
0
0
10
15
15
12
1
0
0
0
0
0
0
0
0
0
0
0
0
0
5
15
15
13
0
0
0
0
0
0
10
15
15
9
0
0
0
0
0
0
0
0
0
0
0
0
0
0
9
15
15
6
0
0
0
0
0
0
10
15
15
9
0
0
0
0
0
0
0
0
0
0
0
0
0
2
14
15
14
3
0
0
0
0
0
0
10
15
15
9
0
0
0
0
0
0
0
0
0
0
0
0
0
7
15
15
10
0
0
0
0
0
0
0
10
15
15
9
0
0
0
0
0
0
0
0
0
0
0
0
0
12
15
15
3
0
0
0
0
0
0
0
10
15
15
9
0
0
0
0
0
0
0
0
0
0
0
0
0
15
15
15
4
0
0
0
0
0
0
0
10
15
15
9
0
0
0
0
0
0
0
0
0
0
0
0
0
15
15
15
15
15
15
15
15
15
13
13
15
15
15
15
13
12
7
7
0
0
0
0
0
0
0
0
0
15
15
15
15
15
15
15
15
15
15
15
15
15
15
15
15
15
15
15
6
0
0
0
0
0
0
0
0
6
10
10
13
10
10
10
10
10
10
11
15
15
15
13
10
10
10
10
4
0
0
0
0
0
0
0
0
0
0
0
1
0
0
0
0
0
0
3
15
15
15
2
0
0
0
0
0
0
0
0
0
0
0
0
0
0
0
0
0
0
0
0
0
0
0
3
15
15
15
0
0
0
0
0
0
0
0
0
0
0
0
0
0
0
0
0
0
0
0
0
0
0
0
1
12
15
11
0
0
0
0
0
0
0
0
0
0
0
0
0
0
0
0
0
0
0
0
0
0
0
0
0
10
15
3
0
0
0
0
0
0
0
0
0
0
0
0
0
0
0
0
0
0
0
0
0
0
0
0
0
0
0
0
0
0
0
0
0
0
0
0
0
0
0
0
0
0
0
0
0
0
0
0
0
0
0
0
0
0
0
0
0
0
0
0
0
0
0
0
0
0
0
0
0
0
0
0
0
0
0
0
0
0
0
0
0
0
0
0
0
0
0
0
0
0
0
0
0
0
0
0
0
0
0
0
0
0
0
0
0
0
0
0
0
0
0
0
0
0
0
0
0
0
0
0
0
0
0
0
0
0
0
0
0
0
0
0
0
0
0
0
0
0
0
0
0
0
0
0
0
0
0
0
