784 1
0
0
0
0
0
0
0
0
0
0
0
0
0
0
0
0
0
0
0
0
0
0
0
0
0
0
0
0
0
0
0
0
0
0
0
0
0
0
0
0
0
0
0
0
0
0
0
0
0
0
0
0
0
0
0
0
0
0
0
0
0
0
0
0
0
0
0
0
0
0
0
0
0
0
0
0
0
0
0
0
0
0
0
0
0
0
0
0
0
0
0
0
0
0
0
0
0
0
0
3
3
12
4
8
8
3
2
0
0
0
0
0
0
0
0
0
0
0
0
0
0
0
0
0
0
4
7
15
15
15
15
15
15
15
10
0
0
0
0
0
0
0
0
0
0
0
0
0
0
0
0
0
3
13
15
16
15
15
15
15
15
15
10
0
0
0
0
0
0
0
0
0
0
0
0
0
0
0
1
12
15
15
15
15
15
14
3
14
15
15
10
0
0
0
0
0
0
0
0
0
0
0
0
0
1
6
12
15
15
15
15
14
9
2
0
3
13
15
10
0
0
0
0
0
0
0
0
0
0
0
0
0
2
15
15
15
15
10
6
4
0
0
0
0
3
6
4
0
0
0
0
0
0
0
0
0
0
0
0
0
12
15
15
15
10
1
0
0
0
0
0
0
0
0
0
0
0
0
0
0
0
0
0
0
0
0
0
3
15
15
15
10
0
0
0
0
0
0
0
0
0
0
0
0
0
0
0
0
0
0
0
0
0
0
0
11
15
15
15
2
0
0
0
0
0
0
0
0
0
0
0
0
0
0
0
0
0
0
0
0
0
0
5
14
15
15
8
0
0
0
0
0
0
0
0
0
0
0
0
0
0
0
0
0
0
0
0
0
0
0
7
16
15
15
6
0
0
0
0
0
0
0
0
0
0
0
0
0
0
0
0
0
0
0
0
0
0
0
7
15
15
15
6
0
0
0
0
7
7
7
0
0
0
0
0
0
0
0
0
0
0
0
0
0
0
0
7
15
15
15
6
0
0
6
11
15
15
15
11
11
4
0
0
0
0
0
0
0
0
0
0
0
0
0
7
15
15
15
15
5
14
15
15
15
15
15
15
15
15
4
0
0
0
0
0
0
0
0
0
0
0
0
7
15
15
15
15
15
15
15
15
15
15
15
15
15
15
14
0
0
0
0
0
0
0
0
0
0
0
0
2
12
15
15
15
15
15
15
15
13
6
6
15
15
15
14
0
0
0
0
0
0
0
0
0
0
0
0
0
1
13
15
15
15
15
15
15
15
13
13
15
15
15
4
0
0
0
0
0
0
0
0
0
0
0
0
0
0
1
12
15
15
15
15
15
15
15
15
15
15
6
0
0
0
0
0
0
0
0
0
0
0
0
0
0
0
0
2
7
14
15
15
15
15
15
15
15
15
6
0
0
0
0
0
0
0
0
0
0
0
0
0
0
0
0
0
0
3
3
10
15
15
15
15
4
3
1
0
0
0
0
0
0
0
0
0
0
0
0
0
0
0
0
0
0
0
0
0
0
0
0
0
0
0
0
0
0
0
0
0
0
0
0
0
0
0
0
0
0
0
0
0
0
0
0
0
0
0
0
0
0
0
0
0
0
0
0
0
0
0
0
0
0
0
0
0
0
0
0
0
0
0
0
0
0
0
0
0
0
0
0
0
0
0
0
0
0
0
0
0
0
0
0
0
0
0
0
0
0
0
0
0
0
0
0
0
0
0
0
0
0
0
0
0
0
0
0
0
0
0
0
0
0
0
0
0
0
0
0
0
0
0
0
0
0
0
0
0
0
0
0
0
0
0
