784 1
0
0
0
0
0
0
0
0
0
0
0
0
0
0
0
0
0
0
0
0
0
0
0
0
0
0
0
0
0
0
0
0
0
0
0
0
0
0
0
0
0
0
0
0
0
0
0
0
0
0
0
0
0
0
0
0
0
0
0
0
0
0
0
0
0
0
0
0
0
0
0
0
0
0
0
0
0
0
0
0
0
0
0
0
0
0
0
0
0
0
0
0
0
0
0
0
0
0
0
0
0
0
0
0
0
0
0
0
0
0
0
0
0
0
0
0
0
0
0
0
0
0
0
0
0
0
0
0
1
9
16
10
0
0
0
0
0
0
0
0
0
0
0
0
0
0
0
0
0
0
0
0
0
0
0
0
6
15
15
15
10
0
0
0
0
0
0
0
0
0
0
0
0
0
0
0
0
0
0
0
0
0
7
15
15
15
15
15
15
3
0
0
0
0
0
0
0
0
0
0
0
0
0
0
0
0
0
0
0
7
15
15
15
15
15
15
15
6
0
0
0
0
0
0
0
0
0
0
0
0
0
0
0
0
0
0
11
15
15
15
11
9
13
15
15
6
0
0
0
0
0
0
0
0
0
0
0
0
0
0
0
0
0
7
15
15
15
10
0
0
3
15
15
6
0
0
0
0
0
0
0
0
0
0
0
0
0
0
0
0
4
15
15
14
4
0
0
0
2
15
15
6
0
0
0
0
0
0
0
0
0
0
0
0
0
0
0
0
12
15
14
3
0
0
0
0
8
15
15
6
0
0
0
0
0
0
0
0
0
0
0
0
0
0
0
6
15
15
9
0
0
0
0
0
10
15
15
6
0
0
0
0
0
0
0
0
0
0
0
0
0
0
1
14
15
12
0
0
0
0
0
0
10
15
15
6
0
0
0
0
0
0
0
0
0
0
0
0
0
0
8
15
15
4
0
0
0
0
0
0
10
15
15
6
0
0
0
0
0
0
0
0
0
0
0
0
0
4
15
15
10
0
0
0
0
0
0
1
14
15
14
1
0
0
0
0
0
0
0
0
0
0
0
0
0
6
15
10
0
0
0
0
0
0
0
9
15
15
11
0
0
0
0
0
0
0
0
0
0
0
0
0
1
12
15
2
0
0
0
0
0
0
4
15
15
12
0
0
0
0
0
0
0
0
0
0
0
0
0
0
8
15
15
1
0
0
0
0
0
7
14
15
13
2
0
0
0
0
0
0
0
0
0
0
0
0
0
0
15
15
4
0
0
0
0
0
3
14
15
15
5
0
0
0
0
0
0
0
0
0
0
0
0
0
0
0
15
13
1
0
1
1
7
11
15
15
15
9
2
0
0
0
0
0
0
0
0
0
0
0
0
0
0
0
15
15
13
11
15
15
15
15
15
13
5
0
0
0
0
0
0
0
0
0
0
0
0
0
0
0
0
0
14
15
15
15
15
15
15
13
7
2
0
0
0
0
0
0
0
0
0
0
0
0
0
0
0
0
0
0
3
11
15
15
13
7
1
0
0
0
0
0
0
0
0
0
0
0
0
0
0
0
0
0
0
0
0
0
0
0
0
0
0
0
0
0
0
0
0
0
0
0
0
0
0
0
0
0
0
0
0
0
0
0
0
0
0
0
0
0
0
0
0
0
0
0
0
0
0
0
0
0
0
0
0
0
0
0
0
0
0
0
0
0
0
0
0
0
0
0
0
0
0
0
0
0
0
0
0
0
0
0
0
0
0
0
0
0
0
0
0
0
0
0
0
0
0
0
0
0
0
0
0
0
0
0
0
0
0
0
0
0
0
0
