784 1
0
0
0
0
0
0
0
0
0
0
0
0
0
0
0
0
0
0
0
0
0
0
0
0
0
0
0
0
0
0
0
0
0
0
0
0
0
0
0
0
0
0
0
0
0
0
0
0
0
0
0
0
0
0
0
0
0
0
0
0
0
0
0
0
0
0
0
0
0
0
0
0
0
0
0
0
0
0
0
0
0
0
0
0
0
0
0
0
0
0
0
0
0
0
0
0
0
0
0
0
0
0
0
0
0
0
0
0
0
0
0
0
0
0
0
0
0
0
0
0
0
0
0
0
0
0
0
0
0
0
3
8
8
1
0
0
0
0
0
0
0
0
0
0
0
0
0
0
0
0
0
0
0
7
10
8
8
14
15
15
15
15
5
0
0
0
0
0
0
0
0
0
0
0
0
0
0
0
0
0
7
15
15
15
15
15
15
15
15
15
12
1
0
0
0
0
0
0
0
0
0
0
0
0
0
0
0
2
13
15
15
15
15
15
15
15
14
15
15
12
0
0
0
0
0
0
0
0
0
0
0
0
0
0
7
15
15
15
15
15
15
14
7
3
0
9
15
15
0
0
0
0
0
0
0
0
0
0
0
0
0
7
15
15
15
15
15
14
7
1
0
0
0
2
15
15
5
0
0
0
0
0
0
0
0
0
0
0
2
15
15
15
15
15
11
1
0
0
0
0
0
0
14
15
9
0
0
0
0
0
0
0
0
0
0
0
13
15
15
15
15
10
0
0
0
0
0
0
0
1
14
15
15
0
0
0
0
0
0
0
0
0
1
8
15
15
15
15
11
1
0
0
0
0
0
0
0
8
15
15
15
0
0
0
0
0
0
0
0
0
10
15
15
15
15
11
1
0
0
0
0
0
0
0
0
14
15
15
10
0
0
0
0
0
0
0
0
6
15
15
15
15
14
1
0
0
0
0
0
0
0
0
6
15
15
15
8
0
0
0
0
0
0
0
0
14
15
15
15
15
13
0
0
0
0
0
0
0
0
6
15
15
15
15
2
0
0
0
0
0
0
0
0
15
15
15
15
15
13
0
0
0
0
0
1
5
11
15
15
15
15
9
0
0
0
0
0
0
0
0
0
15
15
15
15
15
13
0
0
0
0
4
12
15
15
15
15
15
13
1
0
0
0
0
0
0
0
0
0
15
15
15
6
15
14
2
0
5
13
15
15
15
15
15
15
15
6
0
0
0
0
0
0
0
0
0
0
15
15
15
14
15
15
14
13
15
15
15
15
15
15
15
13
2
0
0
0
0
0
0
0
0
0
0
0
8
15
15
15
15
15
15
15
15
15
15
15
15
13
6
0
0
0
0
0
0
0
0
0
0
0
0
0
0
12
15
15
15
15
15
15
15
15
15
13
6
0
0
0
0
0
0
0
0
0
0
0
0
0
0
0
0
0
5
9
12
15
15
10
8
6
0
0
0
0
0
0
0
0
0
0
0
0
0
0
0
0
0
0
0
0
0
0
0
0
0
0
0
0
0
0
0
0
0
0
0
0
0
0
0
0
0
0
0
0
0
0
0
0
0
0
0
0
0
0
0
0
0
0
0
0
0
0
0
0
0
0
0
0
0
0
0
0
0
0
0
0
0
0
0
0
0
0
0
0
0
0
0
0
0
0
0
0
0
0
0
0
0
0
0
0
0
0
0
0
0
0
0
0
0
0
0
0
0
0
0
0
0
0
0
0
0
0
0
0
0
0
0
0
0
0
0
0
0
0
0
0
0
0
0
0
0
0
0
0
0
0
0
0
0
0
0
0
0
