784 1
0
0
0
0
0
0
0
0
0
0
0
0
0
0
0
0
0
0
0
0
0
0
0
0
0
0
0
0
0
0
0
0
0
0
0
0
0
0
0
0
0
0
0
0
0
0
0
0
0
0
0
0
0
0
0
0
0
0
0
0
0
0
0
0
0
0
0
0
0
0
0
0
0
0
0
0
0
0
0
0
0
0
0
0
0
0
0
0
0
0
0
0
0
0
0
0
0
0
0
0
0
0
0
0
0
0
0
0
0
0
0
0
0
0
0
0
0
0
0
0
0
0
0
0
0
0
0
1
3
5
15
16
2
0
0
0
0
0
0
0
0
0
0
0
0
0
0
0
0
0
0
0
0
5
7
11
15
15
15
15
2
0
0
0
0
0
0
0
0
0
0
0
0
0
0
0
0
0
0
0
6
14
15
15
15
15
15
15
11
7
0
0
0
0
0
0
0
0
0
0
0
0
0
0
0
0
1
14
15
15
15
14
13
13
15
15
15
15
6
0
0
0
0
0
0
0
0
0
0
0
0
0
0
0
6
15
15
15
14
5
0
1
9
13
15
15
7
0
0
0
0
0
0
0
0
0
0
0
0
0
3
9
14
15
15
15
4
0
0
0
0
9
15
15
7
0
0
0
0
0
0
0
0
0
0
0
0
0
6
15
15
14
7
12
9
0
0
0
0
9
15
15
7
0
0
0
0
0
0
0
0
0
0
0
0
6
15
15
14
0
0
8
0
0
0
0
0
9
15
15
7
0
0
0
0
0
0
0
0
0
0
0
6
15
15
15
14
0
0
0
0
0
0
0
0
9
15
15
7
0
0
0
0
0
0
0
0
0
0
0
11
15
15
15
5
0
0
0
0
0
0
0
0
9
15
15
7
0
0
0
0
0
0
0
0
0
0
0
11
15
15
15
2
0
0
0
0
0
0
0
1
11
15
15
7
0
0
0
0
0
0
0
0
0
0
3
13
15
15
15
2
0
0
0
0
0
0
0
6
15
15
15
7
0
0
0
0
0
0
0
0
0
0
7
15
15
15
15
2
0
0
0
0
0
0
1
12
15
15
12
2
0
0
0
0
0
0
0
0
0
0
0
11
15
15
15
2
0
0
0
0
0
0
2
15
15
15
9
0
0
0
0
0
0
0
0
0
0
0
0
11
15
15
15
7
0
0
0
0
0
0
2
15
15
9
0
0
0
0
0
0
0
0
0
0
0
0
0
11
15
15
15
14
0
0
0
0
0
6
10
15
15
2
0
0
0
0
0
0
0
0
0
0
0
0
0
1
4
15
15
15
13
13
13
13
13
15
15
15
15
2
0
0
0
0
0
0
0
0
0
0
0
0
0
0
0
4
13
15
15
15
15
15
15
15
15
10
4
0
0
0
0
0
0
0
0
0
0
0
0
0
0
0
0
0
4
14
15
15
15
15
15
15
6
0
0
0
0
0
0
0
0
0
0
0
0
0
0
0
0
0
0
0
0
3
3
3
13
15
10
3
0
0
0
0
0
0
0
0
0
0
0
0
0
0
0
0
0
0
0
0
0
0
0
0
0
0
0
0
0
0
0
0
0
0
0
0
0
0
0
0
0
0
0
0
0
0
0
0
0
0
0
0
0
0
0
0
0
0
0
0
0
0
0
0
0
0
0
0
0
0
0
0
0
0
0
0
0
0
0
0
0
0
0
0
0
0
0
0
0
0
0
0
0
0
0
0
0
0
0
0
0
0
0
0
0
0
0
0
0
0
0
0
0
0
0
0
0
0
0
0
0
0
0
