784 1
0
0
0
0
0
0
0
0
0
0
0
0
0
0
0
0
0
0
0
0
0
0
0
0
0
0
0
0
0
0
0
0
0
0
0
0
0
0
0
0
0
0
0
0
0
0
0
0
0
0
0
0
0
0
0
0
0
0
0
0
0
0
0
0
0
0
0
0
0
0
0
0
0
0
0
0
0
0
0
0
0
0
0
0
0
0
0
0
0
0
0
0
0
0
0
0
0
0
0
0
0
0
0
0
0
0
0
0
0
0
0
0
0
0
0
0
0
0
0
0
0
0
0
0
0
0
0
0
0
0
0
0
0
0
0
0
0
0
0
0
0
0
0
0
0
0
0
0
0
0
0
0
0
0
7
7
7
7
7
10
15
15
16
9
0
0
0
0
0
0
0
0
0
0
0
0
0
0
5
8
15
15
15
15
15
15
15
15
15
15
15
10
0
0
0
0
0
0
0
0
0
0
0
0
0
12
15
15
15
15
9
9
10
15
10
1
6
13
15
5
0
0
0
0
0
0
0
0
0
0
0
0
5
15
15
12
5
2
0
0
0
2
1
4
13
15
13
0
0
0
0
0
0
0
0
0
0
0
0
0
12
15
12
0
0
0
0
0
0
0
6
15
15
10
2
0
0
0
0
0
0
0
0
0
0
0
0
0
14
15
11
0
0
0
0
0
1
11
15
15
10
1
0
0
0
0
0
0
0
0
0
0
0
0
0
0
8
15
12
0
0
0
0
7
13
15
14
6
1
0
0
0
0
0
0
0
0
0
0
0
0
0
0
0
5
15
15
9
0
2
10
15
15
14
4
0
0
0
0
0
0
0
0
0
0
0
0
0
0
0
0
0
0
13
15
15
6
13
15
15
11
0
0
0
0
0
0
0
0
0
0
0
0
0
0
0
0
0
0
0
0
8
15
15
15
15
15
11
0
0
0
0
0
0
0
0
0
0
0
0
0
0
0
0
0
0
0
0
0
0
8
15
15
15
3
0
0
0
0
0
0
0
0
0
0
0
0
0
0
0
0
0
0
0
0
0
0
2
13
15
15
14
2
0
0
0
0
0
0
0
0
0
0
0
0
0
0
0
0
0
0
0
0
0
0
12
15
15
12
15
14
2
0
0
0
0
0
0
0
0
0
0
0
0
0
0
0
0
0
0
0
0
1
14
14
9
2
14
15
10
0
0
0
0
0
0
0
0
0
0
0
0
0
0
0
0
0
0
0
0
12
15
11
0
0
3
15
15
8
0
0
0
0
0
0
0
0
0
0
0
0
0
0
0
0
0
0
5
15
15
5
0
0
0
10
15
15
0
0
0
0
0
0
0
0
0
0
0
0
0
0
0
0
0
0
6
15
12
1
0
0
0
10
15
16
0
0
0
0
0
0
0
0
0
0
0
0
0
0
0
0
0
0
6
15
14
10
10
10
10
15
15
11
0
0
0
0
0
0
0
0
0
0
0
0
0
0
0
0
0
0
2
14
15
15
15
15
15
15
10
3
0
0
0
0
0
0
0
0
0
0
0
0
0
0
0
0
0
0
0
2
14
15
15
15
10
7
0
0
0
0
0
0
0
0
0
0
0
0
0
0
0
0
0
0
0
0
0
0
0
0
0
0
0
0
0
0
0
0
0
0
0
0
0
0
0
0
0
0
0
0
0
0
0
0
0
0
0
0
0
0
0
0
0
0
0
0
0
0
0
0
0
0
0
0
0
0
0
0
0
0
0
0
0
0
0
0
0
0
0
0
0
0
0
0
0
0
0
0
0
0
0
0
0
