784 1
0
0
0
0
0
0
0
0
0
0
0
0
0
0
0
0
0
0
0
0
0
0
0
0
0
0
0
0
0
0
0
0
0
0
0
0
0
0
0
0
0
0
0
0
0
0
0
0
0
0
0
0
0
0
0
0
0
0
0
0
0
0
0
0
0
0
0
0
0
0
0
0
0
0
0
0
0
0
0
0
0
0
0
0
0
0
0
0
0
0
0
0
0
0
0
0
0
0
0
0
0
0
0
0
0
0
0
0
0
0
0
0
0
0
0
0
0
0
0
0
0
0
0
0
0
0
0
0
0
0
0
0
0
0
0
0
0
0
0
0
0
0
0
0
0
0
0
0
0
0
0
0
0
4
6
9
16
11
0
0
0
0
0
0
0
0
0
0
0
0
0
0
0
0
0
0
0
0
0
1
6
14
15
15
15
15
1
0
0
0
0
0
0
0
0
0
0
0
0
0
0
0
0
0
0
0
1
12
15
15
15
15
15
15
1
0
0
0
0
0
0
0
0
0
0
0
0
0
0
0
0
0
0
0
2
15
15
15
15
15
15
15
15
15
11
4
0
0
0
0
0
0
0
0
0
0
0
0
0
0
0
0
10
15
15
15
15
15
15
15
15
15
15
12
0
0
0
0
0
0
0
0
0
0
0
0
0
0
0
11
15
15
15
15
15
15
15
15
15
15
15
15
10
0
0
0
0
0
0
0
0
0
0
0
0
0
0
15
15
15
15
15
15
14
10
5
0
7
15
15
15
3
0
0
0
0
0
0
0
0
0
0
0
0
1
15
15
15
15
13
13
3
0
0
0
1
15
15
15
8
0
0
0
0
0
0
0
0
0
0
0
0
9
15
15
15
10
0
0
0
0
0
0
1
15
15
15
0
0
0
0
0
0
0
0
0
0
0
0
0
11
15
15
15
1
0
0
0
0
0
0
1
15
15
15
0
0
0
0
0
0
0
0
0
0
0
0
2
15
15
15
15
0
0
0
0
0
0
0
7
15
15
14
0
0
0
0
0
0
0
0
0
0
0
0
2
15
15
15
7
0
0
0
0
0
0
2
13
15
13
2
0
0
0
0
0
0
0
0
0
0
0
0
2
15
15
15
7
0
0
0
0
0
0
12
15
15
11
0
0
0
0
0
0
0
0
0
0
0
0
0
2
15
15
15
7
0
0
0
0
1
10
15
15
14
5
0
0
0
0
0
0
0
0
0
0
0
0
0
2
15
15
15
15
0
0
0
0
11
15
15
14
0
0
0
0
0
0
0
0
0
0
0
0
0
0
0
0
10
15
15
15
10
3
3
12
15
15
14
5
0
0
0
0
0
0
0
0
0
0
0
0
0
0
0
0
3
15
15
15
15
15
15
15
15
15
5
0
0
0
0
0
0
0
0
0
0
0
0
0
0
0
0
0
0
11
15
15
15
15
15
15
15
12
1
0
0
0
0
0
0
0
0
0
0
0
0
0
0
0
0
0
0
1
10
15
15
15
15
14
5
1
0
0
0
0
0
0
0
0
0
0
0
0
0
0
0
0
0
0
0
0
1
6
15
15
10
4
0
0
0
0
0
0
0
0
0
0
0
0
0
0
0
0
0
0
0
0
0
0
0
0
0
0
0
0
0
0
0
0
0
0
0
0
0
0
0
0
0
0
0
0
0
0
0
0
0
0
0
0
0
0
0
0
0
0
0
0
0
0
0
0
0
0
0
0
0
0
0
0
0
0
0
0
0
0
0
0
0
0
0
0
0
0
0
0
0
0
0
0
0
0
0
0
