784 1
0
0
0
0
0
0
0
0
0
0
0
0
0
0
0
0
0
0
0
0
0
0
0
0
0
0
0
0
0
0
0
0
0
0
0
0
0
0
0
0
0
0
0
0
0
0
0
0
0
0
0
0
0
0
0
0
0
0
0
0
0
0
0
0
0
0
0
0
0
0
0
0
0
0
0
0
0
0
0
0
0
0
0
0
0
0
0
0
0
0
0
0
0
0
0
0
0
0
0
0
0
0
0
0
0
0
0
0
0
0
0
0
0
0
0
0
0
0
0
0
0
0
0
0
0
0
0
0
0
0
0
0
0
0
0
0
0
0
0
0
0
0
0
0
0
0
0
0
0
0
0
0
0
0
0
0
0
0
0
0
0
0
0
0
0
0
0
0
0
0
0
0
0
0
0
0
0
0
0
0
0
0
3
3
3
3
3
3
0
0
0
0
0
0
0
0
0
0
0
0
0
0
0
0
0
0
0
3
8
13
15
15
15
15
15
15
11
0
0
0
0
0
0
0
0
0
0
0
0
0
0
0
2
8
13
15
15
12
11
11
5
6
15
15
14
0
0
0
0
0
0
0
0
0
0
0
0
0
7
13
14
15
13
8
2
0
0
0
0
7
15
15
4
0
0
0
0
0
0
0
0
0
0
0
4
14
15
15
10
5
0
0
0
0
0
4
10
15
15
7
0
0
0
0
0
0
0
0
0
0
0
5
14
14
10
1
0
0
0
0
0
1
7
15
15
13
3
0
0
0
0
0
0
0
0
0
0
0
0
14
15
3
0
0
0
0
0
2
11
15
15
15
15
12
9
5
1
0
0
0
0
0
0
0
0
0
0
11
5
0
0
0
0
0
0
10
15
15
15
15
15
15
15
15
15
10
1
0
0
0
0
0
0
0
0
0
0
0
0
0
0
0
0
1
13
13
9
9
8
3
3
12
15
15
12
0
0
0
0
0
0
0
0
0
0
0
0
0
0
0
0
0
0
0
0
0
0
0
0
0
8
15
15
0
0
0
0
0
0
0
0
0
0
0
0
0
0
0
0
0
0
0
0
0
0
0
0
0
5
15
15
0
0
0
0
0
0
0
0
0
0
0
0
0
0
0
0
0
0
0
0
0
0
0
0
0
10
16
11
0
0
0
0
0
0
0
0
0
0
0
0
0
0
0
0
0
0
0
0
0
0
0
0
10
15
14
2
0
0
0
0
0
0
0
0
0
0
0
0
0
0
0
0
0
0
0
0
0
0
3
12
15
14
4
0
0
0
0
0
0
0
0
0
0
0
0
0
0
0
0
0
0
0
0
0
1
9
15
15
11
2
0
0
0
0
0
0
0
0
0
0
0
0
0
0
0
0
0
0
0
0
4
8
13
15
15
7
0
0
0
0
0
0
0
0
0
0
0
0
0
0
0
1
10
14
6
8
8
14
15
15
13
7
1
0
0
0
0
0
0
0
0
0
0
0
0
0
0
0
0
7
15
15
15
15
15
14
10
3
0
0
0
0
0
0
0
0
0
0
0
0
0
0
0
0
0
0
0
0
8
13
11
9
2
0
0
0
0
0
0
0
0
0
0
0
0
0
0
0
0
0
0
0
0
0
0
0
0
0
0
0
0
0
0
0
0
0
0
0
0
0
0
0
0
0
0
0
0
0
0
0
0
0
0
0
0
0
0
0
0
0
0
0
0
0
0
0
0
0
0
0
0
0
0
0
0
0
0
0
0
0
0
0
0
0
0
0
0
0
0
0
0
0
0
0
0
0
0
0
0
0
0
0
0
