784 1
0
0
0
0
0
0
0
0
0
0
0
0
0
0
0
0
0
0
0
0
0
0
0
0
0
0
0
0
0
0
0
0
0
0
0
0
0
0
0
0
0
0
0
0
0
0
0
0
0
0
0
0
0
0
0
0
0
0
0
0
0
0
0
0
0
0
0
0
0
0
0
0
0
0
0
0
0
0
0
0
0
0
0
0
0
0
0
0
0
0
0
0
0
0
0
0
0
0
0
0
0
0
0
0
0
0
0
0
0
0
0
0
0
0
0
0
0
0
0
0
0
0
0
0
0
0
0
0
0
0
0
0
0
0
0
0
0
0
0
0
0
0
0
0
0
0
0
0
0
0
0
0
0
0
0
0
0
0
0
0
0
0
0
0
0
0
0
0
0
0
0
0
0
0
0
0
0
0
2
10
13
0
0
0
0
0
0
0
0
0
0
0
0
0
0
0
0
0
0
0
0
0
0
0
0
2
14
15
15
1
0
0
0
0
0
2
9
11
2
0
0
0
0
0
0
0
0
0
0
0
0
0
1
14
15
15
4
0
0
0
0
0
1
14
15
15
1
0
0
0
0
0
0
0
0
0
0
0
0
0
4
15
15
9
0
0
0
0
0
0
3
15
15
5
0
0
0
0
0
0
0
0
0
0
0
0
0
0
10
15
15
3
0
0
0
0
0
0
8
15
12
0
0
0
0
0
0
0
0
0
0
0
0
0
0
1
14
15
12
0
0
0
0
0
0
1
14
15
11
0
0
0
0
0
0
0
0
0
0
0
0
0
0
2
15
15
8
0
0
0
0
0
0
8
15
15
5
0
0
0
0
0
0
0
0
0
0
0
0
0
0
2
15
15
3
0
0
0
0
0
3
12
15
14
2
0
0
0
0
0
0
0
0
0
0
0
0
0
0
9
15
15
7
0
0
0
3
7
15
15
15
12
0
0
0
0
0
0
0
0
0
0
0
0
0
0
0
2
15
15
15
9
7
10
15
15
15
15
15
4
0
0
0
0
0
0
0
0
0
0
0
0
0
0
0
0
6
15
15
15
15
15
15
15
16
16
14
2
0
0
0
0
0
0
0
0
0
0
0
0
0
0
0
0
0
4
12
14
15
11
3
0
15
15
12
0
0
0
0
0
0
0
0
0
0
0
0
0
0
0
0
0
0
0
0
2
6
0
0
0
15
15
12
0
0
0
0
0
0
0
0
0
0
0
0
0
0
0
0
0
0
0
0
0
0
0
0
0
15
15
11
0
0
0
0
0
0
0
0
0
0
0
0
0
0
0
0
0
0
0
0
0
0
0
0
0
15
15
5
0
0
0
0
0
0
0
0
0
0
0
0
0
0
0
0
0
0
0
0
0
0
0
0
6
15
15
5
0
0
0
0
0
0
0
0
0
0
0
0
0
0
0
0
0
0
0
0
0
0
0
0
8
15
14
2
0
0
0
0
0
0
0
0
0
0
0
0
0
0
0
0
0
0
0
0
0
0
0
0
1
15
15
5
0
0
0
0
0
0
0
0
0
0
0
0
0
0
0
0
0
0
0
0
0
0
0
0
0
15
15
8
0
0
0
0
0
0
0
0
0
0
0
0
0
0
0
0
0
0
0
0
0
0
0
0
0
5
15
9
0
0
0
0
0
0
0
0
0
0
0
0
0
0
0
0
0
0
0
0
0
0
0
0
0
0
0
0
0
0
0
0
0
0
0
0
0
0
0
0
0
0
0
0
0
0
0
0
0
0
0
0
0
0
0
0
0
0
0
0
0
0
0
0
0
