784 1
0
0
0
0
0
0
0
0
0
0
0
0
0
0
0
0
0
0
0
0
0
0
0
0
0
0
0
0
0
0
0
0
0
0
0
0
0
0
0
0
0
0
0
0
0
0
0
0
0
0
0
0
0
0
0
0
0
0
0
0
0
0
0
0
0
0
0
0
0
0
0
0
0
0
0
0
0
0
0
0
0
0
0
0
0
0
0
0
0
0
0
0
0
0
0
0
0
0
0
0
0
0
0
0
0
0
0
0
0
0
0
0
0
0
0
0
0
0
0
0
0
0
0
0
0
0
0
0
0
0
0
0
0
0
0
0
0
0
0
0
0
0
0
0
0
0
0
0
0
0
0
0
0
0
0
0
4
14
15
16
15
2
0
0
0
0
0
0
0
0
0
0
0
0
0
0
0
0
0
0
0
0
1
9
15
15
15
15
15
7
0
0
0
0
0
0
0
0
0
0
0
0
0
0
0
0
0
0
0
3
15
15
15
13
5
10
14
0
0
0
0
0
0
0
0
0
0
0
0
0
0
0
0
0
0
0
5
15
15
15
10
2
2
8
3
0
0
0
0
0
0
0
0
0
0
0
0
0
0
0
0
0
0
1
13
15
15
7
0
0
6
10
0
0
0
0
0
0
0
0
0
0
0
0
0
0
0
0
0
0
0
6
15
15
9
0
0
7
14
4
0
0
0
0
0
0
0
0
0
0
0
0
0
0
0
0
0
0
0
11
15
15
12
1
4
15
11
0
0
0
0
0
0
0
0
0
0
0
0
0
0
0
0
0
0
0
0
8
15
15
15
2
13
14
2
0
0
0
0
0
0
0
0
0
0
0
0
0
0
0
0
0
0
0
0
1
8
15
12
5
15
6
0
0
0
0
0
0
0
0
0
0
0
0
0
0
0
0
0
0
0
0
0
0
2
15
15
15
12
1
0
0
0
0
0
0
0
0
0
0
0
0
0
0
0
0
0
0
0
0
0
0
2
15
15
12
1
0
0
0
0
0
0
0
0
0
0
0
0
0
0
0
0
0
0
0
0
0
0
0
4
15
15
3
0
0
0
0
0
0
0
0
0
0
0
0
0
0
0
0
0
0
0
0
0
0
0
0
11
15
15
5
0
0
0
0
0
0
0
0
0
0
0
0
0
0
0
0
0
0
0
0
0
0
0
5
14
7
15
13
0
0
0
0
0
0
0
0
0
0
0
0
0
0
0
0
0
0
0
0
0
0
4
5
1
0
15
15
2
0
0
0
0
0
0
0
0
0
0
0
0
0
0
0
0
0
0
0
0
7
14
4
0
0
15
15
5
0
0
0
0
0
0
0
0
0
0
0
0
0
0
0
0
0
0
0
2
13
8
0
0
4
15
15
5
0
0
0
0
0
0
0
0
0
0
0
0
0
0
0
0
0
0
0
13
15
7
4
12
15
15
11
0
0
0
0
0
0
0
0
0
0
0
0
0
0
0
0
0
0
0
0
13
15
15
15
15
15
11
1
0
0
0
0
0
0
0
0
0
0
0
0
0
0
0
0
0
0
0
0
8
15
15
15
11
3
0
0
0
0
0
0
0
0
0
0
0
0
0
0
0
0
0
0
0
0
0
0
0
0
0
0
0
0
0
0
0
0
0
0
0
0
0
0
0
0
0
0
0
0
0
0
0
0
0
0
0
0
0
0
0
0
0
0
0
0
0
0
0
0
0
0
0
0
0
0
0
0
0
0
0
0
0
0
0
0
0
0
0
0
0
0
0
0
0
0
0
0
0
0
0
0
0
0
