784 1
0
0
0
0
0
0
0
0
0
0
0
0
0
0
0
0
0
0
0
0
0
0
0
0
0
0
0
0
0
0
0
0
0
0
0
0
0
0
0
0
0
0
0
0
0
0
0
0
0
0
0
0
0
0
0
0
0
0
0
0
0
0
0
0
0
0
0
0
0
0
0
0
0
0
0
0
0
0
0
0
0
0
0
0
0
0
0
0
0
0
0
0
0
0
0
0
0
0
0
0
0
0
0
0
0
0
0
0
0
0
0
0
0
0
0
0
0
0
0
0
0
0
0
0
0
0
0
0
5
15
16
15
13
5
0
0
0
0
0
0
0
0
0
0
0
0
0
0
0
0
0
0
0
0
0
12
15
15
15
15
15
15
6
0
0
0
0
0
0
0
0
0
0
0
0
0
0
0
0
0
0
1
9
15
15
15
15
14
13
15
13
0
0
0
0
0
0
0
0
0
0
0
0
0
0
0
0
0
1
12
15
15
15
8
5
1
0
11
15
6
0
0
0
0
0
0
0
0
0
0
0
0
0
0
0
1
12
15
15
15
4
0
0
0
0
5
15
13
0
0
0
0
0
0
0
0
0
0
0
0
0
0
0
11
15
15
13
15
0
0
0
0
0
1
14
15
0
0
0
0
0
0
0
0
0
0
0
0
0
1
11
15
13
7
1
6
0
0
0
0
0
1
14
15
0
0
0
0
0
0
0
0
0
0
0
0
0
6
15
15
6
0
0
0
0
0
0
0
0
3
15
13
0
0
0
0
0
0
0
0
0
0
0
0
1
13
15
7
0
0
0
0
0
0
0
0
0
4
15
9
0
0
0
0
0
0
0
0
0
0
0
0
10
15
15
3
0
0
0
0
0
0
0
0
0
12
15
9
0
0
0
0
0
0
0
0
0
0
0
2
15
15
13
1
0
0
0
0
0
0
0
0
0
13
15
1
0
0
0
0
0
0
0
0
0
0
0
13
15
15
6
0
0
0
0
0
0
0
0
0
9
15
9
0
0
0
0
0
0
0
0
0
0
0
6
15
15
10
0
0
0
0
0
0
0
0
0
4
15
15
5
0
0
0
0
0
0
0
0
0
0
0
10
15
13
1
0
0
0
0
0
0
0
0
3
14
15
10
0
0
0
0
0
0
0
0
0
0
0
0
15
15
11
0
0
0
0
0
0
0
0
3
14
15
14
2
0
0
0
0
0
0
0
0
0
0
0
6
15
15
5
0
0
0
0
0
0
0
5
14
15
14
4
0
0
0
0
0
0
0
0
0
0
0
0
2
15
15
7
0
0
0
0
0
5
13
15
15
14
4
0
0
0
0
0
0
0
0
0
0
0
0
0
0
13
15
15
8
6
6
8
13
15
15
15
10
1
0
0
0
0
0
0
0
0
0
0
0
0
0
0
0
5
15
15
15
15
15
15
15
15
12
8
0
0
0
0
0
0
0
0
0
0
0
0
0
0
0
0
0
0
9
15
15
15
15
15
8
4
0
0
0
0
0
0
0
0
0
0
0
0
0
0
0
0
0
0
0
0
0
0
0
0
0
0
0
0
0
0
0
0
0
0
0
0
0
0
0
0
0
0
0
0
0
0
0
0
0
0
0
0
0
0
0
0
0
0
0
0
0
0
0
0
0
0
0
0
0
0
0
0
0
0
0
0
0
0
0
0
0
0
0
0
0
0
0
0
0
0
0
0
0
0
0
0
0
0
0
0
0
0
0
0
0
0
0
0
0
0
0
0
0
0
0
0
0
0
0
0
0
0
0
0
0
