784 1
0
0
0
0
0
0
0
0
0
0
0
0
0
0
0
0
0
0
0
0
0
0
0
0
0
0
0
0
0
0
0
0
0
0
0
0
0
0
0
0
0
0
0
0
0
0
0
0
0
0
0
0
0
0
0
0
0
0
0
0
0
0
0
0
0
0
0
0
0
0
0
0
0
0
0
0
0
0
0
0
0
0
0
0
0
0
0
0
0
0
0
0
0
0
0
0
0
0
0
0
0
0
0
0
0
0
0
0
0
0
0
0
0
0
0
0
0
0
0
0
0
0
0
0
0
0
0
1
6
14
15
4
0
0
0
0
0
0
0
0
0
0
0
0
0
0
0
0
0
0
0
0
0
0
1
13
15
15
15
15
12
2
0
0
0
0
0
0
0
0
0
0
0
0
0
0
0
0
0
0
0
1
13
15
15
13
15
15
15
11
2
0
0
0
0
0
0
0
0
0
0
0
0
0
0
0
0
0
0
11
15
15
4
0
0
2
14
15
12
0
0
0
0
0
0
0
0
0
0
0
0
0
0
0
0
0
7
15
15
2
0
0
0
0
12
15
13
0
0
0
0
0
0
0
0
0
0
0
0
0
0
0
0
3
14
15
10
0
0
0
0
0
7
15
13
0
0
0
0
0
0
0
0
0
0
0
0
0
0
0
0
14
15
13
1
0
0
0
0
0
11
15
13
0
0
0
0
0
0
0
0
0
0
0
0
0
0
0
6
15
15
6
0
0
0
0
0
0
9
15
8
0
0
0
0
0
0
0
0
0
0
0
0
0
0
2
14
15
11
1
0
0
0
0
0
0
12
15
1
0
0
0
0
0
0
0
0
0
0
0
0
0
0
8
15
15
6
0
0
0
0
0
0
1
13
12
0
0
0
0
0
0
0
0
0
0
0
0
0
0
8
15
15
7
0
0
0
0
0
0
0
11
15
7
0
0
0
0
0
0
0
0
0
0
0
0
0
0
13
15
15
1
0
0
0
0
0
0
3
15
15
1
0
0
0
0
0
0
0
0
0
0
0
0
0
0
15
15
8
0
0
0
0
0
0
0
11
15
11
0
0
0
0
0
0
0
0
0
0
0
0
0
0
9
15
14
1
0
0
0
0
0
0
6
15
13
1
0
0
0
0
0
0
0
0
0
0
0
0
0
0
11
15
13
0
0
0
0
0
0
0
10
15
3
0
0
0
0
0
0
0
0
0
0
0
0
0
0
0
6
15
15
3
0
0
0
0
4
12
15
12
1
0
0
0
0
0
0
0
0
0
0
0
0
0
0
0
6
15
15
3
0
0
0
6
15
15
15
1
0
0
0
0
0
0
0
0
0
0
0
0
0
0
0
0
6
15
15
11
9
10
15
15
16
10
0
0
0
0
0
0
0
0
0
0
0
0
0
0
0
0
0
0
1
13
15
15
15
15
15
11
7
1
0
0
0
0
0
0
0
0
0
0
0
0
0
0
0
0
0
0
0
1
10
15
15
11
6
0
0
0
0
0
0
0
0
0
0
0
0
0
0
0
0
0
0
0
0
0
0
0
0
0
0
0
0
0
0
0
0
0
0
0
0
0
0
0
0
0
0
0
0
0
0
0
0
0
0
0
0
0
0
0
0
0
0
0
0
0
0
0
0
0
0
0
0
0
0
0
0
0
0
0
0
0
0
0
0
0
0
0
0
0
0
0
0
0
0
0
0
0
0
0
0
0
0
0
0
0
0
0
0
0
0
0
0
0
0
0
0
0
0
0
0
0
0
0
0
0
0
0
0
0
0
