784 1
0
0
0
0
0
0
0
0
0
0
0
0
0
0
0
0
0
0
0
0
0
0
0
0
0
0
0
0
0
0
0
0
0
0
0
0
0
0
0
0
0
0
0
0
0
0
0
0
0
0
0
0
0
0
0
0
0
0
0
0
0
0
0
0
0
0
0
0
0
0
0
0
0
0
0
0
0
0
0
0
0
0
0
0
0
0
0
0
0
0
0
0
0
0
0
0
0
0
0
0
0
0
0
0
0
0
0
0
0
0
0
0
0
0
0
0
0
0
0
0
0
0
0
0
0
0
0
0
0
0
0
0
0
0
0
0
0
0
0
0
0
0
0
0
0
0
0
0
0
0
0
5
8
10
12
15
16
15
15
10
1
0
0
0
0
0
0
0
0
0
0
0
0
0
0
0
0
5
13
15
14
11
10
10
10
10
11
15
6
0
0
0
0
0
0
0
0
0
0
0
0
0
0
0
0
9
9
2
0
0
0
0
0
0
5
15
4
0
0
0
0
0
0
0
0
0
0
0
0
0
0
0
0
0
0
0
0
0
0
0
0
4
15
7
0
0
0
0
0
0
0
0
0
0
0
0
0
0
0
0
0
0
0
0
0
0
0
0
6
15
6
0
0
0
0
0
0
0
0
0
0
0
0
0
0
0
0
0
0
0
0
0
0
0
6
12
13
4
0
0
0
0
0
0
0
0
0
0
0
0
0
0
0
0
0
0
0
0
0
1
7
13
13
6
0
0
0
0
0
0
0
0
0
0
0
0
0
0
0
0
0
0
0
0
0
4
8
15
15
12
1
0
0
0
0
0
0
0
0
0
0
0
0
0
0
0
0
0
0
0
0
0
4
15
15
15
15
15
15
14
13
12
8
1
0
0
0
0
0
0
0
0
0
0
0
0
0
0
0
0
1
5
5
0
1
0
0
0
3
5
10
14
13
1
0
0
0
0
0
0
0
0
0
0
0
0
0
0
0
0
0
0
0
0
0
0
0
0
0
1
10
6
0
0
0
0
0
0
0
0
0
0
0
0
0
0
0
0
0
0
0
0
0
0
0
0
0
0
6
13
0
0
0
0
0
0
0
0
0
0
0
0
0
0
0
0
0
0
0
0
0
0
0
0
0
0
6
14
0
0
0
0
0
0
0
0
0
0
0
0
0
0
8
5
0
0
0
0
0
0
0
0
0
0
9
15
1
0
0
0
0
0
0
0
0
0
0
0
0
6
14
1
0
0
0
0
0
0
0
0
0
6
12
5
0
0
0
0
0
0
0
0
0
0
0
0
0
8
15
3
0
0
0
0
0
0
0
0
2
13
1
0
0
0
0
0
0
0
0
0
0
0
0
0
0
8
15
14
1
0
0
0
0
0
0
2
14
8
0
0
0
0
0
0
0
0
0
0
0
0
0
0
0
0
12
15
13
4
1
0
0
1
7
14
11
0
0
0
0
0
0
0
0
0
0
0
0
0
0
0
0
0
0
9
15
15
15
14
14
15
14
2
0
0
0
0
0
0
0
0
0
0
0
0
0
0
0
0
0
0
0
0
5
10
15
15
12
7
1
0
0
0
0
0
0
0
0
0
0
0
0
0
0
0
0
0
0
0
0
0
0
0
0
0
0
0
0
0
0
0
0
0
0
0
0
0
0
0
0
0
0
0
0
0
0
0
0
0
0
0
0
0
0
0
0
0
0
0
0
0
0
0
0
0
0
0
0
0
0
0
0
0
0
0
0
0
0
0
0
0
0
0
0
0
0
0
0
0
0
0
0
0
0
0
