784 1
0
0
0
0
0
0
0
0
0
0
0
0
0
0
0
0
0
0
0
0
0
0
0
0
0
0
0
0
0
0
0
0
0
0
0
0
0
0
0
0
0
0
0
0
0
0
0
0
0
0
0
0
0
0
0
0
0
0
0
0
0
0
0
0
0
0
0
0
0
0
0
0
0
0
0
0
0
0
0
0
0
0
0
0
0
0
0
0
0
0
0
0
0
0
0
0
0
0
0
0
0
0
0
0
0
0
0
0
0
0
0
0
0
0
0
0
0
0
0
0
0
0
1
12
6
0
0
0
0
0
0
0
0
0
0
0
0
0
0
0
0
0
0
0
0
0
0
0
0
0
2
15
6
0
0
0
0
0
0
0
0
0
0
0
0
0
0
0
0
0
0
0
0
0
0
0
0
0
2
15
6
0
0
0
0
0
1
5
1
0
0
0
0
0
0
0
0
0
0
0
0
0
0
0
0
0
5
15
6
0
0
0
0
0
8
15
5
0
0
0
0
0
0
0
0
0
0
0
0
0
0
0
0
0
10
15
6
0
0
0
0
0
4
15
12
1
0
0
0
0
0
0
0
0
0
0
0
0
0
0
0
4
14
15
6
0
0
0
0
0
4
15
15
5
0
0
0
0
0
0
0
0
0
0
0
0
0
0
0
11
15
15
5
0
0
0
0
0
4
15
15
5
0
0
0
0
0
0
0
0
0
0
0
0
0
0
0
11
15
14
0
0
0
0
0
0
4
15
15
5
0
0
0
0
0
0
0
0
0
0
0
0
0
0
0
11
15
13
0
0
0
0
0
0
4
15
15
5
0
0
0
0
0
0
0
0
0
0
0
0
0
0
4
15
15
5
0
0
0
0
0
0
8
15
14
2
0
0
0
0
0
0
0
0
0
0
0
0
0
0
8
16
16
5
0
0
0
0
0
0
12
15
13
0
0
0
0
0
0
0
0
0
0
0
0
0
0
2
13
15
13
0
0
0
0
0
0
0
12
15
5
0
0
0
0
0
0
0
0
0
0
0
0
0
0
5
15
15
15
14
14
14
14
14
6
12
15
15
5
0
0
0
0
0
0
0
0
0
0
0
0
0
0
7
15
15
15
15
15
15
15
15
15
15
15
15
5
0
0
0
0
0
0
0
0
0
0
0
0
0
4
15
15
14
11
11
11
7
3
11
7
12
15
15
5
0
0
0
0
0
0
0
0
0
0
0
0
0
4
15
15
6
0
0
0
0
0
0
0
5
15
15
5
0
0
0
0
0
0
0
0
0
0
0
0
0
0
4
5
1
0
0
0
0
0
0
0
5
15
15
5
0
0
0
0
0
0
0
0
0
0
0
0
0
0
0
0
0
0
0
0
0
0
0
0
1
13
15
5
0
0
0
0
0
0
0
0
0
0
0
0
0
0
0
0
0
0
0
0
0
0
0
0
0
12
15
5
0
0
0
0
0
0
0
0
0
0
0
0
0
0
0
0
0
0
0
0
0
0
0
0
0
8
15
5
0
0
0
0
0
0
0
0
0
0
0
0
0
0
0
0
0
0
0
0
0
0
0
0
0
0
0
0
0
0
0
0
0
0
0
0
0
0
0
0
0
0
0
0
0
0
0
0
0
0
0
0
0
0
0
0
0
0
0
0
0
0
0
0
0
0
0
0
0
0
0
0
0
0
0
0
0
0
0
0
0
0
0
0
0
0
0
0
0
0
0
0
0
0
0
0
0
0
0
0
0
0
0
0
0
0
0
0
0
0
0
0
0
0
0
0
0
0
0
