784 1
0
0
0
0
0
0
0
0
0
0
0
0
0
0
0
0
0
0
0
0
0
0
0
0
0
0
0
0
0
0
0
0
0
0
0
0
0
0
0
0
0
0
0
0
0
0
0
0
0
0
0
0
0
0
0
0
0
0
0
0
0
0
0
0
0
0
0
0
0
0
0
0
0
0
0
0
0
0
0
0
0
0
0
0
0
0
0
0
0
0
0
0
0
0
0
0
0
0
0
0
0
0
0
0
0
0
0
0
0
0
0
0
0
0
0
0
0
0
0
0
0
0
0
0
0
0
0
0
0
0
0
0
0
0
0
0
0
0
0
0
0
0
0
0
0
0
0
0
0
0
0
0
0
7
11
12
11
4
8
6
4
9
13
0
0
0
0
0
0
0
0
0
0
0
0
0
0
0
0
4
14
15
15
15
15
15
15
15
15
15
15
1
0
0
0
0
0
0
0
0
0
0
0
0
0
3
11
15
15
15
15
15
15
15
14
15
15
14
13
1
0
0
0
0
0
0
0
0
0
0
0
0
0
12
15
15
15
14
5
5
5
5
1
3
5
1
0
0
0
0
0
0
0
0
0
0
0
0
0
0
9
15
15
10
4
2
0
0
0
0
0
0
0
0
0
0
0
0
0
0
0
0
0
0
0
0
0
2
15
15
13
1
0
0
0
0
0
0
0
0
0
0
0
0
0
0
0
0
0
0
0
0
0
0
0
0
11
15
15
13
9
5
2
0
0
0
0
0
0
0
0
0
0
0
0
0
0
0
0
0
0
0
0
0
2
14
15
15
15
15
14
13
6
2
0
0
0
0
0
0
0
0
0
0
0
0
0
0
0
0
0
0
0
1
7
11
15
15
15
15
15
14
12
1
0
0
0
0
0
0
0
0
0
0
0
0
0
0
0
0
0
0
0
0
0
4
11
15
15
15
15
13
1
0
0
0
0
0
0
0
0
0
0
0
0
0
0
0
0
0
0
0
0
0
0
0
4
8
15
15
11
0
0
0
0
0
0
0
0
0
0
0
0
0
0
0
0
0
0
0
0
0
0
0
0
0
6
15
15
3
0
0
0
0
0
0
0
0
0
0
0
0
0
0
0
0
0
0
0
0
0
0
0
0
8
15
15
2
0
0
0
0
0
0
0
0
0
0
0
0
0
0
0
0
0
0
0
0
0
0
1
8
15
15
11
0
0
0
0
0
0
0
0
0
0
0
0
0
0
0
0
0
0
0
0
0
0
3
10
15
15
13
5
0
0
0
0
0
0
0
0
0
0
0
0
0
0
0
1
0
0
0
0
0
4
15
15
15
14
3
0
0
0
0
0
0
0
0
0
0
0
0
0
0
1
13
11
0
0
0
4
8
15
15
15
11
2
0
0
0
0
0
0
0
0
0
0
0
0
0
0
0
1
15
15
8
8
13
15
15
15
15
9
0
0
0
0
0
0
0
0
0
0
0
0
0
0
0
0
0
0
13
15
15
15
15
15
15
9
1
0
0
0
0
0
0
0
0
0
0
0
0
0
0
0
0
0
0
0
1
9
15
15
9
5
0
0
0
0
0
0
0
0
0
0
0
0
0
0
0
0
0
0
0
0
0
0
0
0
0
0
0
0
0
0
0
0
0
0
0
0
0
0
0
0
0
0
0
0
0
0
0
0
0
0
0
0
0
0
0
0
0
0
0
0
0
0
0
0
0
0
0
0
0
0
0
0
0
0
0
0
0
0
0
0
0
0
0
0
0
0
0
0
0
0
0
0
0
0
0
0
0
0
0
