784 1
0
0
0
0
0
0
0
0
0
0
0
0
0
0
0
0
0
0
0
0
0
0
0
0
0
0
0
0
0
0
0
0
0
0
0
0
0
0
0
0
0
0
0
0
0
0
0
0
0
0
0
0
0
0
0
0
0
0
0
0
0
0
0
0
0
0
0
0
0
0
0
0
0
0
0
0
0
0
0
0
0
0
0
0
0
0
0
0
0
0
0
0
0
0
0
0
0
0
0
0
0
0
0
0
0
0
0
0
0
0
0
0
0
0
0
0
0
0
0
0
0
0
0
0
0
0
0
0
0
0
0
0
0
0
0
0
0
0
0
0
0
0
0
0
0
0
0
0
0
0
0
0
0
0
0
0
0
0
0
0
0
0
0
0
0
0
0
0
0
0
0
0
0
0
0
0
0
0
0
0
0
0
0
0
0
0
0
0
0
0
0
0
0
0
0
0
0
0
0
0
0
0
0
0
0
0
1
9
14
15
15
15
7
0
0
0
0
0
0
0
0
0
0
0
0
0
0
0
0
0
0
0
0
4
14
15
15
14
11
15
15
2
0
0
0
0
0
0
0
0
0
0
0
0
0
0
0
0
0
0
6
15
15
11
3
0
0
2
15
12
2
0
0
0
0
0
0
0
0
0
0
0
0
0
0
0
0
4
15
14
3
0
0
0
0
0
13
15
13
0
0
0
0
0
0
0
0
0
0
0
0
0
0
0
0
11
14
5
0
0
0
0
0
0
13
15
14
1
0
0
0
0
0
0
0
0
0
0
0
0
0
0
0
14
11
0
0
0
0
0
0
3
15
15
15
4
0
0
0
0
0
0
0
0
0
0
0
0
0
0
2
15
11
0
0
0
0
0
0
3
15
15
15
4
0
0
0
0
0
0
0
0
0
0
0
0
0
0
1
14
11
0
0
0
0
0
0
10
15
15
15
4
0
0
0
0
0
0
0
0
0
0
0
0
0
0
0
11
15
11
4
0
0
0
5
15
15
15
15
4
0
0
0
0
0
0
0
0
0
0
0
0
0
0
0
3
14
15
15
14
9
10
15
15
15
6
14
4
0
0
0
0
0
0
0
0
0
0
0
0
0
0
0
0
4
12
15
15
15
15
15
11
3
0
14
7
0
0
0
0
0
0
0
0
0
0
0
0
0
0
0
0
0
0
2
5
5
5
1
0
0
0
14
14
0
0
0
0
0
0
0
0
0
0
0
0
0
0
0
0
0
0
0
0
0
0
0
0
0
0
8
15
4
0
0
0
0
0
0
0
0
0
0
0
0
0
0
0
0
0
0
0
0
0
0
0
0
0
7
15
7
0
0
0
0
0
0
0
0
0
0
0
0
0
0
0
0
0
0
0
0
0
0
0
0
0
2
15
7
0
0
0
0
0
0
0
0
0
0
0
0
0
0
0
0
0
0
0
0
0
0
0
0
0
1
15
11
0
0
0
0
0
0
0
0
0
0
0
0
0
0
0
0
0
0
0
0
0
0
0
0
0
0
13
13
0
0
0
0
0
0
0
0
0
0
0
0
0
0
0
0
0
0
0
0
0
0
0
0
0
0
11
15
4
0
0
0
0
0
0
0
0
0
0
0
0
0
0
0
0
0
0
0
0
0
0
0
0
0
7
15
4
0
0
0
0
0
0
0
0
0
0
0
0
0
0
0
0
0
0
0
0
0
0
0
0
0
5
11
0
0
0
0
0
0
0
0
0
0
0
0
0
0
0
0
0
0
0
0
0
0
0
0
0
0
0
0
0
0
0
0
0
0
0
