784 1
0
0
0
0
0
0
0
0
0
0
0
0
0
0
0
0
0
0
0
0
0
0
0
0
0
0
0
0
0
0
0
0
0
0
0
0
0
0
0
0
0
0
0
0
0
0
0
0
0
0
0
0
0
0
0
0
0
0
0
0
0
0
0
0
0
0
0
0
0
0
0
0
0
0
0
0
0
0
0
0
0
0
0
0
0
0
0
0
0
0
0
0
0
0
0
0
0
0
0
0
0
0
0
0
0
0
0
0
0
0
0
0
0
0
0
0
0
0
0
0
0
0
0
0
0
0
0
0
0
0
0
0
0
0
0
0
0
0
0
0
0
0
0
0
0
0
0
0
0
0
0
2
13
16
15
11
15
16
15
14
2
0
0
0
0
0
0
0
0
0
0
0
0
0
0
0
0
2
9
14
15
15
15
15
15
15
15
15
6
0
0
0
0
0
0
0
0
0
0
0
0
0
0
0
0
14
15
15
15
15
13
11
11
15
15
15
6
0
0
0
0
0
0
0
0
0
0
0
0
0
0
0
0
15
14
14
10
3
1
0
6
15
15
15
6
0
0
0
0
0
0
0
0
0
0
0
0
0
0
0
0
5
3
2
0
0
0
6
15
15
15
12
1
0
0
0
0
0
0
0
0
0
0
0
0
0
0
0
0
0
0
0
0
1
9
15
15
15
13
1
0
0
0
0
0
0
0
0
0
0
0
0
0
0
0
0
0
0
7
8
8
13
15
15
15
15
11
0
0
0
0
0
0
0
0
0
0
0
0
0
0
0
0
7
15
15
15
15
15
15
15
15
15
15
13
5
0
0
0
0
0
0
0
0
0
0
0
0
0
1
11
15
15
15
15
15
15
15
15
12
15
15
15
15
5
0
0
0
0
0
0
0
0
0
0
0
0
2
14
15
15
15
11
11
5
2
2
1
2
7
15
15
8
0
0
0
0
0
0
0
0
0
0
0
0
0
4
12
4
4
0
0
0
0
0
0
0
4
15
15
14
0
0
0
0
0
0
0
0
0
0
0
0
0
0
0
0
0
0
0
0
0
0
0
0
0
12
15
14
0
0
0
0
0
0
0
0
0
0
0
0
0
0
0
0
0
0
0
0
0
0
0
0
5
15
15
14
0
0
0
0
0
0
0
0
0
0
0
0
0
0
0
0
0
0
0
0
0
0
0
0
13
15
15
6
0
0
0
0
0
0
0
0
0
0
0
0
0
0
0
0
0
0
0
0
0
0
0
9
15
15
14
3
0
0
0
0
0
0
0
0
0
0
0
0
0
0
0
0
0
0
0
0
0
0
9
15
15
15
10
0
0
0
0
0
0
0
0
0
0
5
9
0
0
0
0
0
0
0
0
0
3
12
15
15
15
14
3
0
0
0
0
0
0
0
0
0
0
6
15
11
11
11
11
11
11
11
11
11
14
15
15
15
13
5
0
0
0
0
0
0
0
0
0
0
0
0
5
13
14
15
15
15
15
15
15
15
15
15
15
11
0
0
0
0
0
0
0
0
0
0
0
0
0
0
0
0
1
7
7
11
15
15
15
11
10
7
3
0
0
0
0
0
0
0
0
0
0
0
0
0
0
0
0
0
0
0
0
0
0
0
0
0
0
0
0
0
0
0
0
0
0
0
0
0
0
0
0
0
0
0
0
0
0
0
0
0
0
0
0
0
0
0
0
0
0
0
0
0
0
0
0
0
0
0
0
0
0
0
0
0
0
0
0
0
0
0
0
0
0
0
0
0
0
0
0
0
0
0
0
0
0
0
0
