784 1
0
0
0
0
0
0
0
0
0
0
0
0
0
0
0
0
0
0
0
0
0
0
0
0
0
0
0
0
0
0
0
0
0
0
0
0
0
0
0
0
0
0
0
0
0
0
0
0
0
0
0
0
0
0
0
0
0
0
0
0
0
0
0
0
0
0
0
0
0
0
0
0
0
0
0
0
0
0
0
0
0
0
0
0
0
0
0
0
0
0
0
0
0
0
0
0
0
0
0
0
0
0
0
0
0
0
0
0
0
0
0
0
0
0
0
0
0
0
0
0
8
15
7
1
1
0
0
0
0
0
0
0
0
0
0
0
0
0
0
0
0
0
0
0
0
0
0
5
15
15
15
15
15
10
5
0
0
0
0
0
0
0
0
0
0
0
0
0
0
0
0
0
0
0
0
5
15
15
15
15
15
15
15
10
5
0
0
0
0
0
0
0
0
0
0
0
0
0
0
0
0
0
0
5
15
15
6
4
11
15
15
15
15
9
0
0
0
0
0
0
0
0
0
0
0
0
0
0
0
0
0
3
15
16
5
0
0
7
15
15
15
15
11
2
0
0
0
0
0
0
0
0
0
0
0
0
0
0
0
5
15
15
5
0
0
0
3
11
15
15
15
11
0
0
0
0
0
0
0
0
0
0
0
0
0
0
0
3
15
15
5
0
0
0
0
1
12
15
15
15
9
0
0
0
0
0
0
0
0
0
0
0
0
0
0
0
14
15
5
0
0
0
0
0
0
15
15
15
15
3
0
0
0
0
0
0
0
0
0
0
0
0
0
0
14
15
5
0
0
0
0
0
0
0
12
15
15
11
0
0
0
0
0
0
0
0
0
0
0
0
0
0
14
15
5
0
0
0
0
0
0
0
5
15
15
15
3
0
0
0
0
0
0
0
0
0
0
0
0
0
14
15
5
0
0
0
0
0
0
0
0
9
15
15
5
0
0
0
0
0
0
0
0
0
0
0
0
0
14
15
5
0
0
0
0
0
0
0
0
5
15
15
5
0
0
0
0
0
0
0
0
0
0
0
0
0
14
15
5
0
0
0
0
0
0
0
0
5
15
15
5
0
0
0
0
0
0
0
0
0
0
0
0
0
14
15
5
0
0
0
0
0
0
0
0
6
15
15
5
0
0
0
0
0
0
0
0
0
0
0
0
0
8
15
5
0
0
0
0
0
0
0
3
13
15
15
5
0
0
0
0
0
0
0
0
0
0
0
0
0
7
15
13
1
0
0
0
0
3
7
15
15
15
15
2
0
0
0
0
0
0
0
0
0
0
0
0
0
3
15
15
8
1
1
6
11
15
15
15
15
11
0
0
0
0
0
0
0
0
0
0
0
0
0
0
0
0
15
15
15
15
15
15
15
15
15
15
12
2
0
0
0
0
0
0
0
0
0
0
0
0
0
0
0
0
4
15
15
15
15
15
15
15
15
10
3
0
0
0
0
0
0
0
0
0
0
0
0
0
0
0
0
0
0
6
11
15
15
15
13
8
1
0
0
0
0
0
0
0
0
0
0
0
0
0
0
0
0
0
0
0
0
0
0
0
0
0
0
0
0
0
0
0
0
0
0
0
0
0
0
0
0
0
0
0
0
0
0
0
0
0
0
0
0
0
0
0
0
0
0
0
0
0
0
0
0
0
0
0
0
0
0
0
0
0
0
0
0
0
0
0
0
0
0
0
0
0
0
0
0
0
0
0
0
0
0
0
0
0
0
0
0
0
0
0
0
0
0
0
0
0
0
0
0
0
0
0
0
0
0
0
0
0
0
