784 1
0
0
0
0
0
0
0
0
0
0
0
0
0
0
0
0
0
0
0
0
0
0
0
0
0
0
0
0
0
0
0
0
0
0
0
0
0
0
0
0
0
0
0
0
0
0
0
0
0
0
0
0
0
0
0
0
0
0
0
0
0
0
0
0
0
0
0
0
0
0
0
0
0
0
0
0
0
0
0
0
0
0
0
0
0
0
0
0
0
0
0
0
0
0
0
0
0
0
0
0
0
3
0
0
0
0
0
0
0
0
0
0
0
0
0
0
0
0
0
0
0
0
0
0
3
5
12
13
14
15
12
4
0
0
0
0
0
0
0
0
0
0
0
0
0
0
0
0
0
0
0
7
14
15
15
15
15
15
15
15
2
0
0
0
0
0
0
0
0
0
0
0
0
0
0
0
0
6
13
15
15
13
9
6
0
3
14
15
7
0
0
0
0
0
0
0
0
0
0
0
0
0
0
0
0
11
15
15
8
1
0
0
0
0
10
15
9
0
0
0
0
0
0
0
0
0
0
0
0
0
0
0
0
5
9
2
0
0
0
0
0
0
10
15
9
0
0
0
0
0
0
0
0
0
0
0
0
0
0
0
0
0
0
0
0
0
0
0
0
0
10
15
9
0
0
0
0
0
0
0
0
0
0
0
0
0
0
0
0
0
0
0
0
0
0
0
0
0
10
15
9
0
0
0
0
0
0
0
0
0
0
0
0
0
0
0
0
0
0
0
0
0
0
0
0
0
15
15
9
0
0
0
0
0
0
0
0
0
0
0
0
0
0
0
0
0
0
0
0
0
0
0
0
9
15
15
3
0
0
0
0
0
0
0
0
0
0
0
0
0
0
0
0
0
0
0
0
0
0
0
2
15
15
11
0
0
0
0
0
0
0
0
0
0
0
0
0
0
0
0
0
0
0
1
0
0
0
1
15
15
14
2
0
0
0
0
0
0
0
0
0
0
0
0
0
0
0
1
7
13
14
15
14
13
9
15
15
15
4
0
0
0
0
0
0
0
0
0
0
0
0
0
0
0
6
14
15
15
15
15
15
15
15
15
15
8
0
0
0
0
0
0
0
0
0
0
0
0
0
0
1
8
15
15
15
12
5
10
15
15
15
15
15
8
0
0
0
0
0
0
0
0
0
0
0
0
0
0
4
15
15
12
4
4
11
15
15
15
13
15
15
15
8
1
0
0
2
10
0
0
0
0
0
0
0
0
14
15
15
12
15
15
15
15
13
5
0
5
15
15
15
13
6
7
14
13
0
0
0
0
0
0
0
0
16
15
15
15
15
15
15
8
0
0
0
0
6
15
15
15
15
15
13
0
0
0
0
0
0
0
0
0
3
8
11
12
7
5
1
0
0
0
0
0
0
1
9
13
13
9
2
0
0
0
0
0
0
0
0
0
0
0
0
0
0
0
0
0
0
0
0
0
0
0
0
0
0
0
0
0
0
0
0
0
0
0
0
0
0
0
0
0
0
0
0
0
0
0
0
0
0
0
0
0
0
0
0
0
0
0
0
0
0
0
0
0
0
0
0
0
0
0
0
0
0
0
0
0
0
0
0
0
0
0
0
0
0
0
0
0
0
0
0
0
0
0
0
0
0
0
0
0
0
0
0
0
0
0
0
0
0
0
0
0
0
0
0
0
0
0
0
0
0
0
0
0
0
0
0
0
0
0
0
0
0
0
0
0
0
0
0
0
0
0
0
0
0
0
0
0
0
0
0
0
0
0
0
0
0
0
0
0
0
0
0
0
0
0
0
0
0
0
0
0
