784 1
0
0
0
0
0
0
0
0
0
0
0
0
0
0
0
0
0
0
0
0
0
0
0
0
0
0
0
0
0
0
0
0
0
0
0
0
0
0
0
0
0
0
0
0
0
0
0
0
0
0
0
0
0
0
0
0
0
0
0
0
0
0
0
0
0
0
0
0
0
0
0
0
0
0
0
0
0
0
0
0
0
0
0
0
0
0
0
0
0
0
0
0
0
0
0
0
0
0
0
0
0
0
0
0
0
0
0
0
0
0
0
0
0
0
0
0
0
0
0
0
0
0
0
0
0
3
4
4
4
9
7
16
15
5
0
0
0
0
0
0
0
0
0
0
0
0
0
0
0
2
9
9
9
13
15
15
15
15
15
15
15
14
5
0
0
0
0
0
0
0
0
0
0
0
0
1
2
14
15
15
15
15
15
15
15
13
13
14
15
15
8
0
0
0
0
0
0
0
0
0
0
0
5
10
15
15
15
15
15
15
8
8
7
0
0
4
15
15
8
0
0
0
0
0
0
0
0
0
0
6
15
15
15
15
15
14
4
4
0
0
0
0
0
4
15
15
8
0
0
0
0
0
0
0
0
0
1
11
15
15
15
11
4
0
0
0
0
0
0
0
3
16
15
15
6
0
0
0
0
0
0
0
0
0
4
15
15
11
6
0
0
0
0
0
0
0
0
0
11
15
15
13
0
0
0
0
0
0
0
0
0
0
0
8
13
7
0
0
0
0
0
0
0
0
0
7
15
15
14
3
0
0
0
0
0
0
0
0
0
0
0
0
0
0
0
0
0
0
0
0
0
0
7
15
15
15
6
0
0
0
0
0
0
0
0
0
0
0
0
0
0
0
0
0
0
0
0
0
0
0
13
15
15
12
1
0
0
0
0
0
0
0
0
0
0
0
0
0
0
0
0
0
0
0
0
0
4
11
15
15
12
0
0
0
0
0
0
0
0
0
0
0
0
0
0
0
0
0
0
0
0
0
0
6
15
15
15
11
1
0
0
0
0
0
0
0
0
0
0
0
0
0
0
0
0
0
0
0
0
0
2
11
15
15
12
1
0
0
0
0
0
0
0
0
0
0
0
0
0
0
0
0
0
0
0
0
0
7
15
15
15
15
2
0
0
0
0
0
0
0
0
0
0
0
0
0
0
0
0
0
0
0
0
3
11
15
15
15
12
4
0
0
0
0
0
0
0
0
0
0
0
0
0
0
0
0
0
0
0
0
0
7
15
15
15
15
0
0
0
4
4
4
11
6
4
1
0
0
0
0
0
0
0
0
0
0
0
3
9
15
15
15
15
15
9
9
10
15
15
15
15
15
15
4
0
0
0
0
0
0
0
0
0
0
0
6
15
15
15
15
15
15
15
15
15
15
15
15
15
15
14
3
0
0
0
0
0
0
0
0
0
0
0
6
15
15
15
15
15
15
15
15
15
15
15
15
11
8
5
0
0
0
0
0
0
0
0
0
0
0
0
1
12
15
9
4
4
4
4
4
4
4
4
4
1
0
0
0
0
0
0
0
0
0
0
0
0
0
0
0
0
0
0
0
0
0
0
0
0
0
0
0
0
0
0
0
0
0
0
0
0
0
0
0
0
0
0
0
0
0
0
0
0
0
0
0
0
0
0
0
0
0
0
0
0
0
0
0
0
0
0
0
0
0
0
0
0
0
0
0
0
0
0
0
0
0
0
0
0
0
0
0
0
0
0
0
0
0
0
0
0
0
0
0
0
0
0
0
0
0
0
0
0
0
0
0
0
0
0
0
0
0
0
0
