784 1
0
0
0
0
0
0
0
0
0
0
0
0
0
0
0
0
0
0
0
0
0
0
0
0
0
0
0
0
0
0
0
0
0
0
0
0
0
0
0
0
0
0
0
0
0
0
0
0
0
0
0
0
0
0
0
0
0
0
0
0
0
0
0
0
0
0
0
0
0
0
0
0
0
0
0
0
0
0
0
0
0
0
0
0
0
0
0
0
0
0
0
0
0
0
0
0
0
0
0
0
0
0
0
0
0
0
0
0
0
0
0
0
0
0
0
0
0
0
0
0
0
0
0
0
0
0
0
0
0
0
0
0
0
0
0
0
0
0
0
0
0
0
0
0
0
0
0
1
1
8
7
1
0
0
0
1
1
0
0
0
0
0
0
0
0
0
0
0
0
0
0
0
0
0
5
15
15
15
15
15
6
2
2
15
13
2
0
0
0
0
0
0
0
0
0
0
0
0
0
0
0
1
15
15
15
15
15
15
15
15
15
15
15
12
4
2
0
0
0
0
0
0
0
0
0
0
0
0
0
1
15
15
15
15
15
15
15
15
15
15
15
15
15
8
0
0
0
0
0
0
0
0
0
0
0
0
0
1
15
15
15
15
15
15
15
15
15
15
15
15
15
11
3
0
0
0
0
0
0
0
0
0
0
0
0
1
15
15
15
15
15
15
15
15
15
15
15
15
15
11
3
0
0
0
0
0
0
0
0
0
0
0
0
1
15
15
15
15
15
15
15
15
15
15
15
15
15
8
0
0
0
0
0
0
0
0
0
0
0
0
0
0
6
15
15
15
15
15
15
15
15
15
15
15
15
8
0
0
0
0
0
0
0
0
0
0
0
0
0
0
0
6
15
15
15
15
15
15
15
15
15
15
15
8
0
0
0
0
0
0
0
0
0
0
0
0
0
0
0
0
6
15
15
15
15
15
15
15
15
15
15
8
0
0
0
0
0
0
0
0
0
0
0
0
0
0
0
0
0
0
0
10
15
15
15
16
15
15
15
15
15
6
0
0
0
0
0
0
0
0
0
0
0
0
0
0
0
0
0
10
15
15
15
15
15
15
15
15
15
15
6
0
0
0
0
0
0
0
0
0
0
0
0
0
0
0
0
10
15
15
15
15
15
15
15
15
15
15
15
2
0
0
0
0
0
0
0
0
0
0
0
0
0
0
0
10
15
15
15
15
15
15
15
15
15
15
15
2
0
0
0
0
0
0
0
0
0
0
0
0
0
0
0
10
15
15
15
15
15
15
15
15
15
15
15
8
0
0
0
0
0
0
0
0
0
0
0
0
0
0
0
10
15
15
15
15
15
15
15
15
15
15
15
8
0
0
0
0
0
0
0
0
0
0
0
0
0
0
0
10
15
15
15
15
15
15
15
15
15
15
15
2
0
0
0
0
0
0
0
0
0
0
0
0
0
0
0
2
12
15
15
15
15
15
15
15
15
15
7
0
0
0
0
0
0
0
0
0
0
0
0
0
0
0
0
0
2
2
14
15
15
15
15
15
8
2
0
0
0
0
0
0
0
0
0
0
0
0
0
0
0
0
0
0
0
0
1
15
15
15
15
9
0
0
0
0
0
0
0
0
0
0
0
0
0
0
0
0
0
0
0
0
0
0
0
0
0
0
0
0
0
0
0
0
0
0
0
0
0
0
0
0
0
0
0
0
0
0
0
0
0
0
0
0
0
0
0
0
0
0
0
0
0
0
0
0
0
0
0
0
0
0
0
0
0
0
0
0
0
0
0
0
0
0
0
0
0
0
0
0
0
0
0
0
