784 1
0
0
0
0
0
0
0
0
0
0
0
0
0
0
0
0
0
0
0
0
0
0
0
0
0
0
0
0
0
0
0
0
0
0
0
0
0
0
0
0
0
0
0
0
0
0
0
0
0
0
0
0
0
0
0
0
0
0
0
0
0
0
0
0
0
0
0
0
0
0
0
0
0
0
0
0
0
0
0
0
0
0
0
0
0
0
0
0
0
0
0
0
0
0
0
0
0
0
0
0
0
0
0
0
0
0
0
0
0
0
0
0
0
0
0
0
0
0
0
0
0
0
0
0
0
0
6
14
15
4
0
0
0
0
0
0
0
0
0
0
0
0
0
0
0
0
0
0
0
0
0
0
0
8
15
15
15
15
5
0
0
0
0
0
0
0
0
0
0
0
0
0
0
0
0
0
0
0
0
0
7
15
15
14
12
15
10
0
0
0
0
0
0
0
0
0
0
0
0
0
0
0
0
0
0
0
0
7
15
15
14
2
13
15
15
3
0
0
0
0
0
0
0
0
0
0
0
0
0
0
0
0
0
0
7
15
15
10
0
0
10
16
12
0
0
0
0
0
0
0
0
0
0
0
0
0
0
0
0
0
0
1
14
15
15
2
0
0
2
15
15
8
0
0
0
0
0
0
0
0
0
0
0
0
0
0
0
0
0
9
15
15
7
0
0
0
0
8
15
14
3
0
0
0
0
0
0
0
0
0
0
0
0
0
0
0
0
15
15
11
0
0
0
0
0
0
11
15
15
0
0
0
0
0
0
0
0
0
0
0
0
0
0
0
3
15
15
9
0
0
0
0
0
0
1
13
15
3
0
0
0
0
0
0
0
0
0
0
0
0
0
0
7
15
13
1
0
0
0
0
0
0
0
7
15
11
0
0
0
0
0
0
0
0
0
0
0
0
0
0
9
15
12
0
0
0
0
0
0
0
0
5
15
14
0
0
0
0
0
0
0
0
0
0
0
0
0
0
14
15
9
0
0
0
0
0
0
0
0
5
15
14
0
0
0
0
0
0
0
0
0
0
0
0
0
2
14
15
9
0
0
0
0
0
0
0
0
5
15
14
0
0
0
0
0
0
0
0
0
0
0
0
0
0
14
15
13
0
0
0
0
0
0
0
0
10
15
12
0
0
0
0
0
0
0
0
0
0
0
0
0
0
14
15
15
3
0
0
0
0
0
0
5
15
15
4
0
0
0
0
0
0
0
0
0
0
0
0
0
0
7
15
15
6
0
0
0
0
0
3
12
15
15
0
0
0
0
0
0
0
0
0
0
0
0
0
0
0
0
15
15
13
2
0
0
0
4
15
15
15
4
0
0
0
0
0
0
0
0
0
0
0
0
0
0
0
0
12
15
15
15
10
10
12
15
15
15
5
0
0
0
0
0
0
0
0
0
0
0
0
0
0
0
0
0
0
11
15
15
15
15
15
15
12
5
0
0
0
0
0
0
0
0
0
0
0
0
0
0
0
0
0
0
0
1
4
11
15
15
10
2
0
0
0
0
0
0
0
0
0
0
0
0
0
0
0
0
0
0
0
0
0
0
0
0
0
0
0
0
0
0
0
0
0
0
0
0
0
0
0
0
0
0
0
0
0
0
0
0
0
0
0
0
0
0
0
0
0
0
0
0
0
0
0
0
0
0
0
0
0
0
0
0
0
0
0
0
0
0
0
0
0
0
0
0
0
0
0
0
0
0
0
0
0
0
0
0
0
0
0
0
0
0
0
0
0
0
0
0
0
0
0
0
0
0
0
0
0
0
0
0
0
0
0
