784 1
0
0
0
0
0
0
0
0
0
0
0
0
0
0
0
0
0
0
0
0
0
0
0
0
0
0
0
0
0
0
0
0
0
0
0
0
0
0
0
0
0
0
0
0
0
0
0
0
0
0
0
0
0
0
0
0
0
0
0
0
0
0
0
0
0
0
0
0
0
0
0
0
0
0
0
0
0
0
0
0
0
0
0
0
0
0
0
0
0
0
0
0
0
0
0
0
0
0
0
0
0
0
0
0
0
0
0
0
0
0
0
0
0
0
0
0
0
0
0
0
0
0
0
0
0
0
0
0
0
0
0
0
0
0
0
0
0
0
0
0
0
0
0
0
0
0
0
0
0
0
0
0
0
0
0
0
0
0
0
0
0
0
0
0
0
0
0
0
0
0
0
0
0
0
0
0
0
0
0
0
4
9
8
1
0
0
0
0
0
0
0
0
0
0
0
0
0
0
0
0
0
0
0
0
0
0
4
13
15
15
15
11
3
3
1
0
0
0
0
0
0
0
0
0
0
0
0
0
0
0
0
0
0
6
15
15
14
15
15
15
15
15
13
8
6
0
0
0
0
0
0
0
0
0
0
0
0
0
0
1
10
15
15
10
1
12
15
15
14
14
15
15
15
13
5
0
0
0
0
0
0
0
0
0
0
0
0
12
15
15
8
0
0
10
8
2
1
1
3
9
13
15
15
8
0
0
0
0
0
0
0
0
0
0
9
15
14
6
0
0
0
3
1
0
0
0
0
0
0
6
14
15
8
0
0
0
0
0
0
0
0
2
15
15
4
0
0
0
0
0
0
0
0
0
0
0
0
0
2
15
15
0
0
0
0
0
0
0
0
10
15
8
0
0
0
0
0
0
0
0
0
0
0
0
0
0
0
7
15
0
0
0
0
0
0
0
0
14
15
4
0
0
0
0
0
0
0
0
0
0
0
0
0
0
0
9
15
0
0
0
0
0
0
0
0
16
14
0
0
0
0
0
0
0
0
0
0
0
0
0
0
0
0
14
15
0
0
0
0
0
0
0
0
15
11
0
0
0
0
0
0
0
0
0
0
0
0
0
0
0
7
15
14
0
0
0
0
0
0
0
0
11
15
2
0
0
0
0
0
0
0
0
0
0
0
0
0
6
15
15
7
0
0
0
0
0
0
0
0
4
15
9
0
0
0
0
0
0
0
0
0
0
0
0
8
15
15
13
2
0
0
0
0
0
0
0
0
0
12
12
0
0
0
0
0
0
0
0
0
0
5
13
15
15
9
2
0
0
0
0
0
0
0
0
0
0
5
15
12
4
1
0
0
0
2
2
7
13
15
15
13
5
0
0
0
0
0
0
0
0
0
0
0
0
0
11
15
15
14
12
12
12
15
15
15
15
14
8
0
0
0
0
0
0
0
0
0
0
0
0
0
0
0
0
8
15
15
15
15
15
15
14
9
7
1
0
0
0
0
0
0
0
0
0
0
0
0
0
0
0
0
0
0
2
4
4
9
4
4
0
0
0
0
0
0
0
0
0
0
0
0
0
0
0
0
0
0
0
0
0
0
0
0
0
0
0
0
0
0
0
0
0
0
0
0
0
0
0
0
0
0
0
0
0
0
0
0
0
0
0
0
0
0
0
0
0
0
0
0
0
0
0
0
0
0
0
0
0
0
0
0
0
0
0
0
0
0
0
0
0
0
0
0
0
0
0
0
0
0
0
0
0
0
0
0
0
0
0
0
0
0
0
0
0
0
0
0
0
0
0
0
0
0
0
0
0
0
0
0
0
0
0
0
0
