784 1
0
0
0
0
0
0
0
0
0
0
0
0
0
0
0
0
0
0
0
0
0
0
0
0
0
0
0
0
0
0
0
0
0
0
0
0
0
0
0
0
0
0
0
0
0
0
0
0
0
0
0
0
0
0
0
0
0
0
0
0
0
0
0
0
0
0
0
0
0
0
0
0
0
0
0
0
0
0
0
0
0
0
0
0
0
0
0
0
0
0
0
0
0
0
0
0
0
0
0
0
0
0
0
0
0
0
0
0
0
0
0
0
0
0
0
0
0
0
0
0
0
0
0
0
0
0
0
0
0
0
0
0
0
0
0
0
0
0
0
0
0
0
0
0
0
0
0
0
0
0
0
0
0
0
0
0
0
0
0
0
0
0
0
0
0
0
0
0
0
0
0
0
0
0
0
0
0
0
0
0
0
3
8
9
15
13
6
0
0
0
0
0
0
0
0
0
0
0
0
0
0
0
0
0
0
0
0
1
8
14
15
15
15
15
15
10
5
0
0
0
0
0
0
0
0
0
0
0
0
0
0
0
0
0
3
14
15
15
15
11
10
6
13
15
15
9
0
0
0
0
0
0
0
0
0
0
0
0
0
0
0
5
14
15
15
8
2
0
0
0
1
12
15
13
1
0
0
0
0
0
0
0
0
0
0
0
0
0
2
14
15
15
8
0
0
0
0
0
0
0
12
15
4
0
0
0
0
0
0
0
0
0
0
0
0
0
9
15
15
2
0
0
0
0
0
0
0
0
7
11
0
0
0
0
0
0
0
0
0
0
0
0
0
0
12
15
9
0
0
0
0
0
0
0
0
0
0
0
0
0
0
0
0
0
0
0
0
0
0
0
0
3
15
15
2
0
0
0
0
0
0
0
0
0
0
0
0
0
0
0
0
0
0
0
0
0
0
0
0
4
15
15
2
0
0
0
0
0
1
5
5
0
0
0
0
0
0
0
0
0
0
0
0
0
0
0
0
0
13
15
14
5
0
0
0
7
14
15
15
11
0
0
0
0
0
0
0
0
0
0
0
0
0
0
0
0
8
15
16
15
15
15
15
16
15
15
15
8
0
0
0
0
0
0
0
0
0
0
0
0
0
0
0
0
0
2
13
15
15
15
15
14
13
15
15
8
0
0
0
0
0
0
0
0
0
0
0
0
0
0
0
0
0
0
0
4
9
8
4
2
8
15
15
3
0
0
0
0
0
0
0
0
0
0
0
0
0
0
0
0
0
0
0
0
0
0
0
0
10
15
15
1
0
0
0
0
0
0
0
0
0
0
0
0
0
0
0
0
0
0
0
0
0
0
0
1
15
15
10
0
0
0
0
0
0
0
0
0
0
0
0
0
0
0
0
0
0
0
0
0
0
0
0
5
15
15
6
0
0
0
0
0
0
0
0
0
0
0
0
0
0
0
0
0
0
0
0
0
0
0
0
13
15
13
1
0
0
0
0
0
0
0
0
0
0
0
0
0
0
0
0
0
0
0
0
0
0
0
0
15
15
11
0
0
0
0
0
0
0
0
0
0
0
0
0
0
0
0
0
0
0
0
0
0
0
0
0
15
15
5
0
0
0
0
0
0
0
0
0
0
0
0
0
0
0
0
0
0
0
0
0
0
0
0
0
9
15
10
0
0
0
0
0
0
0
0
0
0
0
0
0
0
0
0
0
0
0
0
0
0
0
0
0
0
0
0
0
0
0
0
0
0
0
0
0
0
0
0
0
0
0
0
0
0
0
0
0
0
0
0
0
0
0
0
0
0
0
0
0
0
0
0
0
0
