784 1
0
0
0
0
0
0
0
0
0
0
0
0
0
0
0
0
0
0
0
0
0
0
0
0
0
0
0
0
0
0
0
0
0
0
0
0
0
0
0
0
0
0
0
0
0
0
0
0
0
0
0
0
0
0
0
0
0
0
0
0
0
0
0
0
0
0
0
0
0
0
0
0
0
0
0
0
0
0
0
0
0
0
0
0
0
0
0
0
0
0
0
0
0
0
0
0
0
0
0
0
0
0
0
0
0
0
0
0
0
0
0
0
0
0
0
0
0
0
0
0
0
0
0
0
0
0
0
0
0
0
0
0
0
0
0
0
0
0
0
0
0
0
0
0
0
0
0
0
0
0
0
0
0
0
0
0
0
0
0
0
0
0
0
0
0
0
0
0
0
0
0
0
0
0
0
0
0
0
0
0
0
0
3
6
10
10
11
15
15
5
0
0
0
0
0
0
0
0
0
0
0
0
0
0
0
0
0
0
6
13
15
15
14
11
11
11
13
8
0
0
0
0
0
0
0
0
0
0
0
0
0
0
0
0
4
11
15
11
6
1
0
0
0
1
7
5
0
0
0
0
0
0
0
0
0
0
0
0
0
0
0
5
15
14
6
0
0
0
0
0
5
14
10
0
0
0
0
0
0
0
0
0
0
0
0
0
0
0
0
12
13
4
0
0
0
0
0
3
15
15
3
0
0
0
0
0
0
0
0
0
0
0
0
0
0
0
3
15
8
0
0
0
0
0
0
11
15
9
0
0
0
0
0
0
0
0
0
0
0
0
0
0
0
0
8
15
8
0
0
0
0
0
11
15
13
0
0
0
0
0
0
0
0
0
0
0
0
0
0
0
0
0
6
15
10
0
0
0
3
11
15
15
6
0
0
0
0
0
0
0
0
0
0
0
0
0
0
0
0
0
0
11
15
11
10
14
15
16
15
9
0
0
0
0
0
0
0
0
0
0
0
0
0
0
0
0
0
0
0
3
13
15
15
13
15
15
12
0
0
0
0
0
0
0
0
0
0
0
0
0
0
0
0
0
0
0
0
0
0
1
0
4
15
14
2
0
0
0
0
0
0
0
0
0
0
0
0
0
0
0
0
0
0
0
0
0
0
0
2
14
15
7
0
0
0
0
0
0
0
0
0
0
0
0
0
0
0
0
0
0
0
0
0
0
0
0
10
15
12
0
0
0
0
0
0
0
0
0
0
0
0
0
0
0
0
0
0
0
0
0
0
0
0
7
15
14
2
0
0
0
0
0
0
0
0
0
0
0
0
0
0
0
0
0
0
0
0
0
0
0
4
15
15
4
0
0
0
0
0
0
0
0
0
0
0
0
0
0
0
0
0
0
0
0
0
0
0
0
10
15
9
0
0
0
0
0
0
0
0
0
0
0
0
0
0
0
0
0
0
0
0
0
0
0
0
7
15
12
0
0
0
0
0
0
0
0
0
0
0
0
0
0
0
0
0
0
0
0
0
0
0
0
1
14
15
8
0
0
0
0
0
0
0
0
0
0
0
0
0
0
0
0
0
0
0
0
0
0
0
0
8
15
14
3
0
0
0
0
0
0
0
0
0
0
0
0
0
0
0
0
0
0
0
0
0
0
0
0
6
14
5
0
0
0
0
0
0
0
0
0
0
0
0
0
0
0
0
0
0
0
0
0
0
0
0
0
0
0
0
0
0
0
0
0
0
0
0
0
0
0
0
0
0
0
0
0
0
0
0
0
0
0
0
0
0
0
0
0
0
0
0
0
0
0
0
0
0
0
0
0
0
0
0
0
