784 1
0
0
0
0
0
0
0
0
0
0
0
0
0
0
0
0
0
0
0
0
0
0
0
0
0
0
0
0
0
0
0
0
0
0
0
0
0
0
0
0
0
0
0
0
0
0
0
0
0
0
0
0
0
0
0
0
0
0
0
0
0
0
0
0
0
0
0
0
0
0
0
0
0
0
0
0
0
0
0
0
0
0
0
0
0
0
0
0
0
0
0
0
0
0
0
0
0
0
0
0
0
0
0
0
0
0
0
0
0
0
0
0
0
0
0
0
0
0
0
0
0
0
0
0
0
0
0
0
0
0
0
0
0
0
0
0
0
0
0
0
0
0
0
0
0
0
0
0
0
0
0
0
0
0
0
0
0
0
0
0
0
0
0
0
0
0
0
0
0
0
0
0
0
0
0
0
0
0
0
0
0
0
0
0
6
8
14
16
16
8
0
0
0
0
0
0
0
0
0
0
0
0
0
0
0
0
0
0
0
1
10
15
15
15
15
15
15
15
1
0
0
0
0
0
0
0
0
0
0
0
0
0
0
0
0
0
6
10
15
15
15
14
8
6
14
15
11
0
0
0
0
0
0
0
0
0
0
0
0
0
0
0
6
13
15
15
15
12
4
0
0
0
13
15
9
0
0
0
0
0
0
0
0
0
0
0
0
0
0
6
13
15
15
8
4
0
0
0
0
0
11
15
15
1
0
0
0
0
0
0
0
0
0
0
0
0
10
15
15
14
5
0
0
0
0
0
0
5
15
15
15
9
0
0
0
0
0
0
0
0
0
0
0
7
15
15
14
8
1
0
0
0
0
0
3
12
15
15
14
5
0
0
0
0
0
0
0
0
0
0
6
15
15
14
1
0
0
0
0
0
0
5
12
15
15
15
3
0
0
0
0
0
0
0
0
0
0
0
13
15
15
10
3
3
2
2
5
11
12
15
15
15
14
5
0
0
0
0
0
0
0
0
0
0
0
0
12
15
15
15
15
15
15
14
15
15
15
15
15
15
3
0
0
0
0
0
0
0
0
0
0
0
0
0
0
8
14
15
15
15
15
15
15
15
15
15
14
4
0
0
0
0
0
0
0
0
0
0
0
0
0
0
0
0
2
3
3
4
14
15
15
15
15
11
2
0
0
0
0
0
0
0
0
0
0
0
0
0
0
0
0
0
0
0
0
0
7
15
15
15
14
3
0
0
0
0
0
0
0
0
0
0
0
0
0
0
0
0
0
0
0
0
0
4
15
15
15
14
3
0
0
0
0
0
0
0
0
0
0
0
0
0
0
0
0
0
0
0
0
0
4
15
15
15
9
1
0
0
0
0
0
0
0
0
0
0
0
0
0
0
0
0
0
0
0
0
0
0
12
15
15
9
0
0
0
0
0
0
0
0
0
0
0
0
0
0
0
0
0
0
0
0
0
0
0
11
15
15
9
0
0
0
0
0
0
0
0
0
0
0
0
0
0
0
0
0
0
0
0
0
0
0
1
15
15
15
5
0
0
0
0
0
0
0
0
0
0
0
0
0
0
0
0
0
0
0
0
0
0
0
12
15
15
9
0
0
0
0
0
0
0
0
0
0
0
0
0
0
0
0
0
0
0
0
0
0
0
0
1
15
9
0
0
0
0
0
0
0
0
0
0
0
0
0
0
0
0
0
0
0
0
0
0
0
0
0
0
0
0
0
0
0
0
0
0
0
0
0
0
0
0
0
0
0
0
0
0
0
0
0
0
0
0
0
0
0
0
0
0
0
0
0
0
0
0
0
0
0
0
0
0
0
0
0
