784 1
0
0
0
0
0
0
0
0
0
0
0
0
0
0
0
0
0
0
0
0
0
0
0
0
0
0
0
0
0
0
0
0
0
0
0
0
0
0
0
0
0
0
0
0
0
0
0
0
0
0
0
0
0
0
0
0
0
0
0
0
0
0
0
0
0
0
0
0
0
0
0
0
0
0
0
0
0
0
0
0
0
0
0
0
0
0
0
0
0
0
0
0
0
0
0
0
0
0
0
0
0
0
0
0
0
0
0
0
0
0
0
0
0
0
0
0
0
0
0
0
0
0
0
0
0
0
0
0
0
0
0
0
0
0
0
0
0
0
0
0
0
0
0
0
0
0
0
0
0
0
0
0
0
0
0
4
10
0
0
0
0
0
0
0
0
0
0
0
0
0
0
0
0
0
0
0
0
0
0
0
0
0
0
0
15
3
0
0
0
0
0
0
0
0
0
0
0
0
0
0
0
0
0
0
0
0
0
0
0
0
0
0
15
7
0
0
0
0
0
0
0
0
0
0
0
0
0
0
0
0
5
8
0
0
0
0
0
0
0
0
15
7
0
0
0
0
0
0
0
0
0
0
0
0
0
0
0
0
4
15
1
0
0
0
0
0
0
0
14
10
0
0
0
0
0
0
0
0
0
0
0
0
0
0
0
0
7
15
1
0
0
0
0
0
0
0
10
12
0
0
0
0
0
0
0
0
0
0
0
0
0
0
0
0
0
15
3
0
0
0
0
0
0
0
10
12
0
0
0
0
0
0
0
0
0
0
0
0
0
0
0
0
0
11
7
0
0
0
0
0
0
0
6
13
0
0
0
0
0
0
0
0
0
0
0
0
0
0
0
0
0
9
13
0
0
0
0
0
0
0
7
15
3
0
0
0
0
0
0
0
0
0
0
0
0
0
0
0
0
2
15
4
0
0
0
0
2
9
15
12
0
0
0
0
0
0
0
0
0
0
0
0
0
0
0
0
0
0
11
14
3
0
1
7
15
14
9
15
1
0
0
0
0
0
0
0
0
0
0
0
0
0
0
0
0
0
0
11
15
15
15
15
10
0
1
15
3
0
0
0
0
0
0
0
0
0
0
0
0
0
0
0
0
0
0
0
2
2
2
2
0
0
1
16
5
0
0
0
0
0
0
0
0
0
0
0
0
0
0
0
0
0
0
0
0
0
0
0
0
0
1
16
8
0
0
0
0
0
0
0
0
0
0
0
0
0
0
0
0
0
0
0
0
0
0
0
0
0
1
15
6
0
0
0
0
0
0
0
0
0
0
0
0
0
0
0
0
0
0
0
0
0
0
0
0
0
0
9
10
0
0
0
0
0
0
0
0
0
0
0
0
0
0
0
0
0
0
0
0
0
0
0
0
0
0
8
13
0
0
0
0
0
0
0
0
0
0
0
0
0
0
0
0
0
0
0
0
0
0
0
0
0
0
3
15
7
0
0
0
0
0
0
0
0
0
0
0
0
0
0
0
0
0
0
0
0
0
0
0
0
0
3
15
6
0
0
0
0
0
0
0
0
0
0
0
0
0
0
0
0
0
0
0
0
0
0
0
0
0
2
12
2
0
0
0
0
0
0
0
0
0
0
0
0
0
0
0
0
0
0
0
0
0
0
0
0
0
0
0
0
0
0
0
0
0
0
0
0
0
0
0
0
0
0
0
0
0
0
0
0
0
0
0
0
0
0
0
0
0
0
0
0
0
0
0
0
0
0
0
0
0
0
0
0
0
0
0
0
0
0
0
0
0
0
0
0
0
0
0
0
0
0
0
0
