784 1
0
0
0
0
0
0
0
0
0
0
0
0
0
0
0
0
0
0
0
0
0
0
0
0
0
0
0
0
0
0
0
0
0
0
0
0
0
0
0
0
0
0
0
0
0
0
0
0
0
0
0
0
0
0
0
0
0
0
0
0
0
0
0
0
0
0
0
0
0
0
0
0
0
0
0
0
0
0
0
0
0
0
0
0
0
0
0
0
0
0
0
0
0
0
10
14
2
0
0
0
0
0
0
0
0
0
0
0
0
0
0
0
0
0
0
0
0
0
0
0
0
2
15
15
14
2
0
0
0
0
0
0
0
0
0
0
0
0
0
0
0
0
0
0
0
0
0
0
0
6
15
15
13
2
0
0
0
0
0
0
0
0
0
0
0
0
0
0
0
0
0
0
0
0
0
0
0
13
15
15
5
0
0
0
0
0
0
0
0
0
0
0
0
0
0
0
0
0
0
0
0
0
0
0
1
15
15
14
1
0
0
0
0
0
0
0
0
0
0
0
0
0
0
0
0
0
0
0
0
0
0
0
1
15
15
13
0
0
0
0
0
0
0
0
0
0
0
0
0
0
0
0
0
0
0
0
0
0
0
0
6
15
15
8
0
0
4
10
8
1
0
0
0
0
0
0
0
0
0
0
0
0
0
0
0
0
0
0
13
15
14
1
0
9
15
15
15
10
0
0
0
0
0
0
0
0
0
0
0
0
0
0
0
0
0
1
15
15
8
0
9
15
15
15
15
14
8
0
0
0
0
0
0
0
0
0
0
0
0
0
0
0
0
1
15
15
5
2
15
15
13
4
11
15
15
2
0
0
0
0
0
0
0
0
0
0
0
0
0
0
0
0
14
15
7
4
15
15
9
0
1
11
15
9
0
0
0
0
0
0
0
0
0
0
0
0
0
0
0
0
9
15
15
14
15
15
4
0
0
3
15
15
8
0
0
0
0
0
0
0
0
0
0
0
0
0
0
0
3
15
15
15
15
15
4
0
0
0
7
15
11
0
0
0
0
0
0
0
0
0
0
0
0
0
0
0
1
15
15
15
15
15
4
0
0
0
0
14
15
4
0
0
0
0
0
0
0
0
0
0
0
0
0
0
0
7
15
15
15
15
7
0
0
0
0
13
15
9
0
0
0
0
0
0
0
0
0
0
0
0
0
0
0
0
10
15
15
15
13
4
0
0
0
13
15
15
1
0
0
0
0
0
0
0
0
0
0
0
0
0
0
0
2
13
16
15
15
15
14
8
9
15
15
9
0
0
0
0
0
0
0
0
0
0
0
0
0
0
0
0
0
2
13
15
15
15
15
15
15
15
15
2
0
0
0
0
0
0
0
0
0
0
0
0
0
0
0
0
0
0
2
13
15
15
15
15
15
15
9
0
0
0
0
0
0
0
0
0
0
0
0
0
0
0
0
0
0
0
0
0
2
8
8
8
8
14
5
0
0
0
0
0
0
0
0
0
0
0
0
0
0
0
0
0
0
0
0
0
0
0
0
0
0
0
0
0
0
0
0
0
0
0
0
0
0
0
0
0
0
0
0
0
0
0
0
0
0
0
0
0
0
0
0
0
0
0
0
0
0
0
0
0
0
0
0
0
0
0
0
0
0
0
0
0
0
0
0
0
0
0
0
0
0
0
0
0
0
0
0
0
0
0
0
0
0
0
0
0
0
0
0
0
0
0
0
0
0
0
0
0
0
0
0
0
0
0
0
0
0
0
0
0
0
0
0
0
0
0
0
0
0
0
0
0
0
0
0
0
0
0
0
0
0
0
