784 1
0
0
0
0
0
0
0
0
0
0
0
0
0
0
0
0
0
0
0
0
0
0
0
0
0
0
0
0
0
0
0
0
0
0
0
0
0
0
0
0
0
0
0
0
0
0
0
0
0
0
0
0
0
0
0
0
0
0
0
0
0
0
0
0
0
0
0
0
0
0
0
0
0
0
0
0
0
0
0
0
0
0
0
0
0
0
0
0
0
0
0
0
0
0
0
0
0
0
0
0
0
0
0
0
0
0
0
0
0
0
0
0
0
0
0
0
0
0
0
0
0
0
0
0
0
0
0
0
0
0
0
0
0
0
0
0
0
0
0
0
0
0
0
0
0
0
0
0
0
0
0
0
6
15
10
8
2
0
0
0
0
0
0
0
0
0
0
0
0
0
0
0
0
0
0
0
0
0
0
0
10
15
15
15
15
13
2
0
0
0
0
0
0
0
0
0
0
0
0
0
0
0
0
0
0
0
5
13
15
15
15
15
15
15
15
15
10
8
8
15
12
0
0
0
0
0
0
0
0
0
0
0
0
0
9
15
15
14
14
14
15
15
15
15
15
15
15
15
15
4
0
0
0
0
0
0
0
0
0
0
0
0
10
15
15
5
0
0
4
12
13
15
15
13
14
11
3
0
0
0
0
0
0
0
0
0
0
0
0
2
15
15
15
5
0
0
0
0
0
4
3
0
2
3
0
0
0
0
0
0
0
0
0
0
0
0
0
13
15
15
15
4
0
0
0
0
0
0
0
0
0
0
0
0
0
0
0
0
0
0
0
0
0
0
0
15
15
15
13
0
0
0
0
0
0
0
0
0
0
0
0
0
0
0
0
0
0
0
0
0
0
0
0
15
15
15
8
0
0
0
0
0
0
0
0
0
0
0
0
0
0
0
0
0
0
0
0
0
0
0
4
15
15
15
13
5
0
0
0
0
0
0
0
0
0
0
0
0
0
0
0
0
0
0
0
0
0
0
0
15
15
15
15
15
10
3
0
0
0
0
0
0
0
0
0
0
0
0
0
0
0
0
0
0
0
0
0
7
11
15
15
15
15
15
10
1
0
0
0
0
0
0
0
0
0
0
0
0
0
0
0
0
0
0
0
0
0
3
8
5
9
15
15
6
0
0
0
0
0
0
0
0
0
0
0
0
0
0
0
0
0
0
0
0
0
0
0
0
0
9
15
11
0
0
0
0
0
0
0
0
0
0
0
0
0
0
0
0
0
0
0
3
5
0
0
0
0
3
15
11
0
0
0
0
0
0
0
0
0
0
0
0
0
0
0
0
0
0
0
15
14
5
0
0
1
12
15
11
0
0
0
0
0
0
0
0
0
0
0
0
0
0
0
0
0
0
0
12
15
14
6
8
14
15
15
11
0
0
0
0
0
0
0
0
0
0
0
0
0
0
0
0
0
0
0
8
15
15
15
15
15
15
15
8
0
0
0
0
0
0
0
0
0
0
0
0
0
0
0
0
0
0
0
1
12
15
15
15
15
15
8
0
0
0
0
0
0
0
0
0
0
0
0
0
0
0
0
0
0
0
0
0
1
9
15
15
14
2
0
0
0
0
0
0
0
0
0
0
0
0
0
0
0
0
0
0
0
0
0
0
0
0
0
0
0
0
0
0
0
0
0
0
0
0
0
0
0
0
0
0
0
0
0
0
0
0
0
0
0
0
0
0
0
0
0
0
0
0
0
0
0
0
0
0
0
0
0
0
0
0
0
0
0
0
0
0
0
0
0
0
0
0
0
0
0
0
0
0
0
0
0
0
0
0
