784 1
0
0
0
0
0
0
0
0
0
0
0
0
0
0
0
0
0
0
0
0
0
0
0
0
0
0
0
0
0
0
0
0
0
0
0
0
0
0
0
0
0
0
0
0
0
0
0
0
0
0
0
0
0
0
0
0
0
0
0
0
0
0
0
0
0
0
0
0
0
0
0
0
0
0
0
0
0
0
0
0
0
0
0
0
0
0
0
0
0
0
0
0
0
0
0
0
0
0
0
0
0
0
0
0
0
0
0
0
0
0
0
0
0
0
0
0
0
0
0
0
0
0
0
0
0
0
0
0
0
5
13
15
15
16
14
6
0
0
0
0
0
0
0
0
0
0
0
0
0
0
0
0
0
0
0
8
12
15
15
15
15
15
15
15
3
0
0
0
0
0
0
0
0
0
0
0
0
0
0
0
0
3
12
15
15
15
15
14
4
8
15
15
5
0
0
0
0
0
0
0
0
0
0
0
0
0
0
2
10
15
15
15
15
11
1
1
0
4
13
15
5
0
0
0
0
0
0
0
0
0
0
0
0
0
2
14
15
15
14
8
3
0
0
0
0
1
11
4
0
0
0
0
0
0
0
0
0
0
0
0
0
0
10
15
15
14
1
0
0
0
0
0
3
11
14
8
2
0
0
0
0
0
0
0
0
0
0
0
0
1
14
15
12
3
0
0
0
0
0
0
11
15
15
15
3
0
0
0
0
0
0
0
0
0
0
0
0
4
15
15
12
0
0
0
0
0
0
11
15
15
12
1
0
0
0
0
0
0
0
0
0
0
0
0
0
8
15
15
8
0
0
0
0
6
15
15
15
6
0
0
0
0
0
0
0
0
0
0
0
0
0
0
0
1
15
15
10
0
0
5
12
15
15
13
3
0
0
0
0
0
0
0
0
0
0
0
0
0
0
0
0
0
8
12
15
9
12
15
15
15
10
0
0
0
0
0
0
0
0
0
0
0
0
0
0
0
0
0
0
0
0
2
15
15
15
15
15
8
0
0
0
0
0
0
0
0
0
0
0
0
0
0
0
0
0
0
0
0
0
6
15
15
15
15
9
0
0
0
0
0
0
0
0
0
0
0
0
0
0
0
0
0
0
0
1
4
11
15
15
14
15
15
15
1
0
0
0
0
0
0
0
0
0
0
0
0
0
0
0
0
0
4
13
15
15
15
7
1
5
14
15
12
0
0
0
0
0
0
0
0
0
0
0
0
0
0
0
0
8
15
15
15
14
3
0
0
0
12
15
15
4
0
0
0
0
0
0
0
0
0
0
0
0
0
0
1
13
15
15
14
2
0
0
1
3
11
15
15
9
0
0
0
0
0
0
0
0
0
0
0
0
0
0
8
15
15
15
5
3
9
10
13
15
15
15
13
4
0
0
0
0
0
0
0
0
0
0
0
0
0
0
4
15
15
15
15
15
15
15
15
14
10
7
1
0
0
0
0
0
0
0
0
0
0
0
0
0
0
0
0
3
8
15
9
11
8
8
1
1
0
0
0
0
0
0
0
0
0
0
0
0
0
0
0
0
0
0
0
0
0
0
0
0
0
0
0
0
0
0
0
0
0
0
0
0
0
0
0
0
0
0
0
0
0
0
0
0
0
0
0
0
0
0
0
0
0
0
0
0
0
0
0
0
0
0
0
0
0
0
0
0
0
0
0
0
0
0
0
0
0
0
0
0
0
0
0
0
0
0
0
0
0
0
0
0
0
0
0
0
0
0
0
0
0
0
0
0
0
0
0
0
0
0
0
0
0
0
0
0
0
0
0
0
0
