784 1
0
0
0
0
0
0
0
0
0
0
0
0
0
0
0
0
0
0
0
0
0
0
0
0
0
0
0
0
0
0
0
0
0
0
0
0
0
0
0
0
0
0
0
0
0
0
0
0
0
0
0
0
0
0
0
0
0
0
0
0
0
0
0
0
0
0
0
0
0
0
0
0
0
0
0
0
0
0
0
0
0
0
0
0
0
0
0
0
0
0
0
0
0
0
0
0
0
0
0
0
0
0
0
0
0
0
0
0
0
0
0
0
0
0
0
0
0
0
0
0
0
0
4
7
11
16
7
11
7
7
2
0
0
0
0
0
0
0
0
0
0
0
0
0
0
0
0
0
6
15
15
15
15
15
15
15
15
15
13
5
0
0
0
0
0
0
0
0
0
0
0
0
0
0
0
6
15
15
15
12
9
6
1
1
8
11
15
15
5
0
0
0
0
0
0
0
0
0
0
0
0
0
0
4
14
15
7
1
0
0
0
0
0
4
15
15
5
0
0
0
0
0
0
0
0
0
0
0
0
0
0
0
2
3
1
0
0
0
0
0
0
6
15
15
5
0
0
0
0
0
0
0
0
0
0
0
0
0
0
0
0
0
0
0
0
0
0
0
5
14
15
12
1
0
0
0
0
0
0
0
0
0
0
0
0
0
0
0
0
0
0
0
0
0
0
0
13
15
15
4
0
0
0
0
0
0
0
0
0
0
0
0
0
0
0
0
0
0
0
0
0
0
4
12
15
15
12
1
0
0
0
0
0
0
0
0
0
0
0
0
0
0
0
0
0
0
0
0
0
9
11
15
15
15
15
14
8
0
0
0
0
0
0
0
0
0
0
0
0
0
0
0
0
0
0
4
12
15
15
15
8
9
15
15
14
0
0
0
0
0
0
0
0
0
0
0
0
0
0
0
0
1
8
15
15
16
12
5
0
0
3
15
15
6
0
0
0
0
0
0
0
0
0
0
0
0
0
0
0
2
15
15
15
9
0
0
0
0
0
11
15
6
0
0
0
0
0
0
0
0
0
0
0
0
0
0
0
1
13
12
5
0
0
0
0
0
1
12
15
6
0
0
0
0
0
0
0
0
0
0
0
4
3
0
0
0
1
1
0
0
0
0
0
0
3
15
15
4
0
0
0
0
0
0
0
0
0
0
5
15
10
0
0
0
0
0
0
0
0
0
0
0
5
15
14
0
0
0
0
0
0
0
0
0
0
0
1
14
14
2
0
0
0
0
0
0
0
0
0
3
14
15
7
0
0
0
0
0
0
0
0
0
0
0
0
12
15
11
2
0
0
0
0
0
0
0
2
10
15
12
1
0
0
0
0
0
0
0
0
0
0
0
0
2
13
15
11
4
1
1
1
1
1
4
14
15
12
1
0
0
0
0
0
0
0
0
0
0
0
0
0
0
2
13
15
15
15
15
15
15
15
15
15
12
1
0
0
0
0
0
0
0
0
0
0
0
0
0
0
0
0
0
5
8
15
15
15
15
15
8
5
0
0
0
0
0
0
0
0
0
0
0
0
0
0
0
0
0
0
0
0
0
0
0
0
0
0
0
0
0
0
0
0
0
0
0
0
0
0
0
0
0
0
0
0
0
0
0
0
0
0
0
0
0
0
0
0
0
0
0
0
0
0
0
0
0
0
0
0
0
0
0
0
0
0
0
0
0
0
0
0
0
0
0
0
0
0
0
0
0
0
0
0
0
0
0
0
0
0
0
0
0
0
0
0
0
0
0
0
0
0
0
0
0
0
0
0
0
0
0
0
0
0
0
