784 1
0
0
0
0
0
0
0
0
0
0
0
0
0
0
0
0
0
0
0
0
0
0
0
0
0
0
0
0
0
0
0
0
0
0
0
0
0
0
0
0
0
0
0
0
0
0
0
0
0
0
0
0
0
0
0
0
0
0
0
0
0
0
0
0
0
0
0
0
0
0
0
0
0
0
0
0
0
0
0
0
0
0
0
0
0
0
0
0
0
0
0
0
0
0
0
0
0
0
0
0
0
0
0
0
0
0
0
0
0
0
0
0
0
0
0
0
0
0
0
0
0
0
0
0
0
0
0
0
0
0
0
0
0
0
0
0
0
0
0
0
0
0
0
0
0
0
0
0
0
0
5
8
15
15
16
15
14
8
1
0
0
0
0
0
0
0
0
0
0
0
0
0
0
0
0
0
0
3
11
15
15
15
15
15
15
15
4
0
0
0
0
0
0
0
0
0
0
0
0
0
0
0
0
0
0
9
15
15
15
15
15
15
15
15
15
11
5
0
0
0
0
0
0
0
0
0
0
0
0
0
0
0
0
3
15
15
15
15
15
13
15
15
15
15
13
0
0
0
0
0
0
0
0
0
0
0
0
0
0
0
0
0
5
10
7
2
2
1
2
10
15
15
15
0
0
0
0
0
0
0
0
0
0
0
0
0
0
0
0
0
0
0
0
0
0
0
6
14
15
15
15
0
0
0
0
0
0
0
0
0
0
0
0
0
0
0
0
0
0
0
0
0
11
15
15
15
15
15
7
0
0
0
0
0
0
0
0
0
0
0
0
0
0
0
0
8
10
14
15
15
15
15
15
15
14
11
0
0
0
0
0
0
0
0
0
0
0
0
0
0
0
0
2
15
15
15
15
15
15
15
15
13
2
0
0
0
0
0
0
0
0
0
0
0
0
0
0
0
0
0
2
15
15
15
15
15
15
15
13
1
0
0
0
0
0
0
0
0
0
0
0
0
0
0
0
0
0
0
0
11
15
15
15
15
15
8
5
0
0
0
0
0
0
0
0
0
0
0
0
0
0
0
0
0
0
0
0
8
15
15
15
15
15
14
14
5
2
0
0
0
0
0
0
0
0
0
0
0
0
0
0
0
0
0
0
0
7
8
15
15
15
15
15
15
15
4
0
0
0
0
0
0
0
0
0
0
0
0
0
0
0
0
0
0
0
0
0
0
1
7
13
15
15
8
0
0
0
0
0
0
0
0
0
0
0
0
0
0
0
0
0
0
0
0
0
0
0
0
4
15
15
8
0
0
0
0
0
0
0
0
0
0
0
0
0
0
0
0
6
10
4
5
3
3
10
10
14
15
15
8
0
0
0
0
0
0
4
0
0
0
0
0
0
0
0
2
14
15
15
15
15
15
15
15
15
15
15
6
0
0
0
0
0
0
2
0
0
0
0
0
0
0
0
14
15
15
15
15
15
15
15
15
15
15
8
0
0
0
0
0
0
0
0
0
0
0
0
0
0
0
0
6
15
15
15
15
15
15
15
11
9
3
0
0
0
0
0
0
0
0
0
0
0
0
0
0
0
0
0
0
5
8
8
8
8
8
1
0
0
0
0
0
0
0
0
0
0
0
0
0
0
0
0
0
0
0
0
0
0
0
0
0
0
0
0
0
0
0
0
0
0
0
0
0
0
0
0
0
0
0
0
0
0
0
0
0
0
0
0
0
0
0
0
0
0
0
0
0
0
0
0
0
0
0
0
0
0
0
0
0
0
0
0
0
0
0
0
0
0
0
0
0
0
0
0
0
0
0
0
0
0
0
0
0
