784 1
0
0
0
0
0
0
0
0
0
0
0
0
0
0
0
0
0
0
0
0
0
0
0
0
0
0
0
0
0
0
0
0
0
0
0
0
0
0
0
0
0
0
0
0
0
0
0
0
0
0
0
0
0
0
0
0
0
0
0
0
0
0
0
0
0
0
0
0
0
0
0
0
0
0
0
0
0
0
0
0
0
0
0
0
0
0
0
0
0
0
0
0
0
0
0
0
0
0
0
0
0
0
0
0
0
0
0
0
0
0
0
0
0
0
0
0
0
0
0
0
0
0
0
0
0
2
10
10
14
16
16
16
16
12
16
0
0
0
0
0
0
0
0
0
0
0
0
0
0
0
0
0
1
13
15
15
15
15
15
15
15
15
15
8
0
0
0
0
0
0
0
0
0
0
0
0
0
0
0
0
3
15
15
14
8
6
6
6
4
2
3
3
0
0
0
0
0
0
0
0
0
0
0
0
0
0
0
0
7
15
13
1
0
0
0
0
0
0
0
0
0
0
0
0
0
0
0
0
0
0
0
0
0
0
0
0
10
15
11
0
0
0
1
10
10
0
0
0
0
0
0
0
0
0
0
0
0
0
0
0
0
0
0
0
10
15
8
0
0
4
14
15
15
1
0
0
0
0
0
0
0
0
0
0
0
0
0
0
0
0
0
0
10
15
11
0
3
14
15
14
10
0
0
0
0
0
0
0
0
0
0
0
0
0
0
0
0
0
0
0
5
14
12
9
12
15
15
8
0
0
0
0
0
0
0
0
0
0
0
0
0
0
0
0
0
0
0
0
0
11
15
15
15
13
5
0
0
0
0
0
0
0
0
0
0
0
0
0
0
0
0
0
0
0
0
0
4
14
15
15
10
0
0
0
0
0
0
0
0
0
0
0
0
0
0
0
0
0
0
0
0
0
0
0
12
15
15
14
2
0
0
0
0
0
0
0
0
0
0
0
0
0
0
0
0
0
0
0
0
0
1
13
15
15
15
14
2
0
0
0
0
0
0
0
0
0
0
0
0
0
0
0
0
0
0
0
0
3
10
15
12
8
15
15
5
0
0
0
0
0
0
0
0
0
0
0
0
0
0
0
0
0
0
0
4
14
15
14
3
3
15
15
11
0
0
0
0
0
0
0
0
0
0
0
0
0
0
0
0
0
0
3
14
15
15
6
0
3
15
15
11
0
0
0
0
0
0
0
0
0
0
0
0
0
0
0
0
0
7
15
15
15
10
0
0
6
15
15
11
0
0
0
0
0
0
0
0
0
0
0
0
0
0
0
0
0
8
15
15
7
0
1
8
15
15
15
11
0
0
0
0
0
0
0
0
0
0
0
0
0
0
0
0
0
15
15
15
15
14
14
15
15
15
10
2
0
0
0
0
0
0
0
0
0
0
0
0
0
0
0
0
0
15
15
15
15
15
15
15
14
8
2
0
0
0
0
0
0
0
0
0
0
0
0
0
0
0
0
0
0
12
15
15
14
9
10
2
0
0
0
0
0
0
0
0
0
0
0
0
0
0
0
0
0
0
0
0
0
0
0
0
0
0
0
0
0
0
0
0
0
0
0
0
0
0
0
0
0
0
0
0
0
0
0
0
0
0
0
0
0
0
0
0
0
0
0
0
0
0
0
0
0
0
0
0
0
0
0
0
0
0
0
0
0
0
0
0
0
0
0
0
0
0
0
0
0
0
0
0
0
0
0
0
0
0
0
0
0
0
0
0
0
0
0
0
0
0
0
0
0
0
0
0
0
0
0
0
0
0
0
0
0
0
0
