784 1
0
0
0
0
0
0
0
0
0
0
0
0
0
0
0
0
0
0
0
0
0
0
0
0
0
0
0
0
0
0
0
0
0
0
0
0
0
0
0
0
0
0
0
0
0
0
0
0
0
0
0
0
0
0
0
0
0
0
0
0
0
0
0
0
0
0
0
0
0
0
0
0
0
0
0
0
0
0
0
0
0
0
0
0
0
0
0
0
0
0
0
0
0
0
0
0
0
0
0
0
0
0
0
0
0
0
0
0
0
0
0
0
0
0
0
0
0
0
0
0
0
0
0
0
0
0
0
0
0
0
0
0
0
0
0
0
0
0
0
0
0
0
0
0
0
0
0
0
0
0
0
0
0
0
0
0
0
0
0
0
0
0
0
0
0
0
0
0
0
0
0
0
0
0
0
0
0
0
0
1
7
14
16
15
13
6
0
0
0
0
0
0
0
0
0
0
0
0
0
0
0
0
0
0
0
0
4
14
15
12
8
8
13
15
13
2
0
0
0
0
0
0
0
0
0
0
0
0
0
0
0
0
0
1
14
15
8
1
0
0
1
13
15
11
0
0
0
0
0
0
0
0
0
0
0
0
0
0
0
0
0
12
15
7
0
0
0
0
0
1
13
15
4
0
0
0
0
0
0
0
0
0
0
0
0
0
0
0
4
15
9
0
0
0
0
0
0
0
12
15
2
0
0
0
0
0
0
0
0
0
0
0
0
0
0
2
15
16
2
0
0
0
0
0
0
7
15
16
2
0
0
0
0
0
0
0
0
0
0
0
0
0
0
5
15
9
0
0
0
0
0
0
0
14
15
15
2
0
0
0
0
0
0
0
0
0
0
0
0
0
0
8
15
6
0
0
0
0
0
0
10
15
15
12
0
0
0
0
0
0
0
0
0
0
0
0
0
0
0
8
15
7
0
0
0
0
0
8
15
15
15
8
0
0
0
0
0
0
0
0
0
0
0
0
0
0
0
6
15
15
9
6
6
10
13
15
11
15
15
3
0
0
0
0
0
0
0
0
0
0
0
0
0
0
0
1
8
16
15
15
15
14
10
5
0
14
15
0
0
0
0
0
0
0
0
0
0
0
0
0
0
0
0
0
0
3
8
8
5
1
0
0
4
15
15
0
0
0
0
0
0
0
0
0
0
0
0
0
0
0
0
0
0
0
0
0
0
0
0
0
4
15
11
0
0
0
0
0
0
0
0
0
0
0
0
0
0
0
0
0
0
0
0
0
0
0
0
0
8
15
9
0
0
0
0
0
0
0
0
0
0
0
0
0
0
0
0
0
0
0
0
0
0
0
0
0
12
15
7
0
0
0
0
0
0
0
0
0
0
0
0
0
0
0
0
0
0
0
0
0
0
0
0
1
15
15
3
0
0
0
0
0
0
0
0
0
0
0
0
0
0
0
0
0
0
0
0
0
0
0
0
1
15
15
3
0
0
0
0
0
0
0
0
0
0
0
0
0
0
0
0
0
0
0
0
0
0
0
0
7
15
11
0
0
0
0
0
0
0
0
0
0
0
0
0
0
0
0
0
0
0
0
0
0
0
0
0
13
15
4
0
0
0
0
0
0
0
0
0
0
0
0
0
0
0
0
0
0
0
0
0
0
0
0
0
11
11
0
0
0
0
0
0
0
0
0
0
0
0
0
0
0
0
0
0
0
0
0
0
0
0
0
0
0
0
0
0
0
0
0
0
0
0
0
0
0
0
0
0
0
0
0
0
0
0
0
0
0
0
0
0
0
0
0
0
0
0
0
0
0
0
0
0
0
