784 1
0
0
0
0
0
0
0
0
0
0
0
0
0
0
0
0
0
0
0
0
0
0
0
0
0
0
0
0
0
0
0
0
0
0
0
0
0
0
0
0
0
0
0
0
0
0
0
0
0
0
0
0
0
0
0
0
0
0
0
0
0
0
0
0
0
0
0
0
0
0
0
0
0
0
0
0
0
0
0
0
0
0
0
0
0
0
0
0
0
0
0
0
0
0
0
0
0
0
0
0
0
0
0
0
0
0
0
0
0
0
0
0
0
0
0
0
0
0
0
0
0
6
9
14
15
16
14
9
6
2
0
0
0
0
0
0
0
0
0
0
0
0
0
0
0
0
0
3
11
15
15
15
15
15
15
15
15
15
12
6
0
0
0
0
0
0
0
0
0
0
0
0
0
0
3
15
15
14
13
8
7
7
8
13
13
15
15
15
14
0
0
0
0
0
0
0
0
0
0
0
0
0
13
15
14
3
0
0
0
0
0
0
0
3
10
15
15
10
0
0
0
0
0
0
0
0
0
0
0
1
13
15
11
0
0
0
0
0
0
0
0
0
0
8
15
15
2
0
0
0
0
0
0
0
0
0
0
0
12
15
9
0
0
0
0
0
0
0
0
0
0
10
15
15
2
0
0
0
0
0
0
0
0
0
0
0
1
4
0
0
0
0
0
0
0
0
0
0
6
15
15
15
2
0
0
0
0
0
0
0
0
0
0
0
0
0
0
0
0
0
0
0
0
0
0
0
9
15
15
4
0
0
0
0
0
0
0
0
0
0
0
0
0
0
0
0
0
0
0
0
0
0
3
11
15
15
6
0
0
0
0
0
0
0
0
0
0
0
0
0
0
0
0
0
0
0
0
10
15
15
15
15
14
9
0
0
0
0
0
0
0
0
0
0
0
0
0
0
0
0
0
0
0
0
0
10
15
15
15
15
8
0
0
0
0
0
0
0
0
0
0
0
0
0
0
0
0
0
0
0
0
0
0
0
6
6
14
15
12
4
0
0
0
0
0
0
0
0
0
0
0
0
0
0
0
0
0
0
0
0
0
0
0
0
2
14
15
11
0
0
0
0
0
0
0
0
0
0
0
0
4
3
0
0
0
0
0
0
0
0
0
0
0
4
15
15
2
0
0
0
0
0
0
0
0
0
0
7
15
4
0
0
0
0
0
0
0
0
0
0
0
0
9
15
13
0
0
0
0
0
0
0
0
0
0
8
15
14
2
0
0
0
0
0
0
0
0
0
0
0
8
15
12
0
0
0
0
0
0
0
0
0
0
2
15
15
14
7
3
0
0
0
0
0
0
0
0
5
15
15
4
0
0
0
0
0
0
0
0
0
0
0
4
15
15
15
15
13
9
7
0
3
7
7
10
15
15
12
0
0
0
0
0
0
0
0
0
0
0
0
0
0
7
14
15
15
15
15
15
15
15
15
15
15
14
6
0
0
0
0
0
0
0
0
0
0
0
0
0
0
0
1
2
6
15
15
15
15
12
9
9
4
1
0
0
0
0
0
0
0
0
0
0
0
0
0
0
0
0
0
0
0
0
0
0
0
0
0
0
0
0
0
0
0
0
0
0
0
0
0
0
0
0
0
0
0
0
0
0
0
0
0
0
0
0
0
0
0
0
0
0
0
0
0
0
0
0
0
0
0
0
0
0
0
0
0
0
0
0
0
0
0
0
0
0
0
0
0
0
0
0
0
0
0
0
0
0
0
0
0
0
0
0
0
0
0
0
0
0
0
0
0
0
0
0
0
0
0
0
0
0
0
0
0
