15 15
-5 2 1 8 12 12 -1 13 2 15 15 0 -5 5 10
-5 15 1 15 -3 1 3 9 8 14 0 15 -2 8 12
15 10 5 5 11 14 2 -4 0 -1 10 5 10 15 1
5 6 -5 6 12 13 6 13 8 8 -3 8 -4 -1 12
0 13 15 7 -2 5 -5 3 -3 12 1 -5 -2 10 -4
9 -3 9 3 -4 10 3 9 2 -1 6 11 15 7 7
-3 7 11 6 2 11 -4 0 -1 3 14 15 10 13 -1
9 -5 7 10 -1 -5 12 8 7 12 3 -5 4 2 -3
10 12 15 -2 2 1 -5 7 0 2 11 2 8 14 15
13 -2 7 13 7 8 13 0 5 8 6 7 0 -3 2
15 12 -1 12 10 15 -3 12 -1 -4 0 6 3 7 2
-4 7 -2 9 12 5 -1 12 -4 10 -3 -4 -4 10 2
15 3 10 0 7 -1 -4 7 9 8 -3 -5 6 9 11
5 13 14 7 0 9 9 -1 0 5 5 15 -5 -5 12
0 2 -5 0 9 -1 14 3 3 -1 0 7 5 14 13